;   
;  IMD Data
;   
;  Saved on Fri Aug 11 10:26:42 2023
;   
;  Structure: 
;   
;  [Sc/CrN] multilayer, N=300, d=1.56 nm, Gamma=0.550
;      Sc layer (1), z=0.86 nm
;      CrN layer (2), rho=5.900 g/cm3, z=0.70 nm
;  Si substrate
;   
;  
;   
;  Theta=0.000 deg
;   
;  E [eV] 	R
       390.00000     0.0030046075
       390.01502     0.0031211183
       390.03003     0.0032341350
       390.04505     0.0033429314
       390.06006     0.0034470515
       390.07508     0.0035458105
       390.09009     0.0036387356
       390.10511     0.0037253757
       390.12012     0.0038051354
       390.13514     0.0038776297
       390.15015     0.0039425027
       390.16517     0.0039992772
       390.18018     0.0040476806
       390.19520     0.0040874700
       390.21021     0.0041183128
       390.22523     0.0041400634
       390.24024     0.0041526140
       390.25526     0.0041557943
       390.27027     0.0041495954
       390.28529     0.0041340264
       390.30030     0.0041091704
       390.31532     0.0040750867
       390.33033     0.0040319692
       390.34535     0.0039800271
       390.36036     0.0039195412
       390.37538     0.0038508026
       390.39039     0.0037741920
       390.40541     0.0036901234
       390.42042     0.0035990606
       390.43544     0.0035014964
       390.45045     0.0033979861
       390.46547     0.0032891141
       390.48048     0.0031755029
       390.49550     0.0030578125
       390.51051     0.0029367217
       390.52553     0.0028129305
       390.54054     0.0026872107
       390.55556     0.0025603033
       390.57057     0.0024329855
       390.58559     0.0023060346
       390.60060     0.0021802470
       390.61562     0.0020564190
       390.63063     0.0019353452
       390.64565     0.0018178152
       390.66066     0.0017045856
       390.67568     0.0015964709
       390.69069     0.0014941876
       390.70571     0.0013984617
       390.72072     0.0013099883
       390.73574     0.0012294307
       390.75075     0.0011574161
       390.76577     0.0010945334
       390.78078     0.0010413219
       390.79580    0.00099827984
       390.81081    0.00096585214
       390.82583    0.00094442999
       390.84084    0.00093434874
       390.85586    0.00093588145
       390.87087    0.00094924265
       390.88589    0.00097458235
       390.90090     0.0010119631
       390.91592     0.0010614436
       390.93093     0.0011229573
       390.94595     0.0011963880
       390.96096     0.0012815521
       390.97598     0.0013781983
       390.99099     0.0014860087
       391.00601     0.0016045990
       391.02102     0.0017335235
       391.03604     0.0018722718
       391.05105     0.0020202078
       391.06607     0.0021768335
       391.08108     0.0023414039
       391.09610     0.0025131897
       391.11111     0.0026914098
       391.12613     0.0028752409
       391.14114     0.0030637328
       391.15616     0.0032561593
       391.17117     0.0034515112
       391.18619     0.0036488343
       391.20120     0.0038470586
       391.21622     0.0040453881
       391.23123     0.0042427301
       391.24625     0.0044380817
       391.26126     0.0046304440
       391.27628     0.0048187216
       391.29129     0.0050021341
       391.30631     0.0051796171
       391.32132     0.0053501312
       391.33634     0.0055129633
       391.35135     0.0056671352
       391.36637     0.0058117146
       391.38138     0.0059460950
       391.39640     0.0060694345
       391.41141     0.0061810411
       391.42643     0.0062801952
       391.44144     0.0063664904
       391.45646     0.0064392593
       391.47147     0.0064982138
       391.48649     0.0065429111
       391.50150     0.0065729926
       391.51652     0.0065883708
       391.53153     0.0065888444
       391.54655     0.0065743128
       391.56156     0.0065449035
       391.57658     0.0065006336
       391.59159     0.0064417767
       391.60661     0.0063685465
       391.62162     0.0062822779
       391.63664     0.0061820385
       391.65165     0.0060680294
       391.66667     0.0059408759
       391.68168     0.0058013085
       391.69670     0.0056501332
       391.71171     0.0054882368
       391.72673     0.0053165911
       391.74174     0.0051362232
       391.75676     0.0049482665
       391.77177     0.0047538542
       391.78679     0.0045542315
       391.80180     0.0043507114
       391.81682     0.0041445532
       391.83183     0.0039371507
       391.84685     0.0037299285
       391.86186     0.0035242400
       391.87688     0.0033215471
       391.89189     0.0031233204
       391.90691     0.0029309361
       391.92192     0.0027458743
       391.93694     0.0025694850
       391.95195     0.0024031810
       391.96697     0.0022483325
       391.98198     0.0021061857
       391.99700     0.0019780384
       392.01201     0.0018650411
       392.02703     0.0017682990
       392.04204     0.0016888769
       392.05706     0.0016277053
       392.07207     0.0015856558
       392.08709     0.0015634809
       392.10210     0.0015618278
       392.11712     0.0015812391
       392.13213     0.0016221637
       392.14715     0.0016848643
       392.16216     0.0017695378
       392.17718     0.0018762370
       392.19219     0.0020049338
       392.20721     0.0021553271
       392.22222     0.0023271196
       392.23724     0.0025198376
       392.25225     0.0027329581
       392.26727     0.0029656027
       392.28228     0.0032169841
       392.29730     0.0034861230
       392.31231     0.0037719194
       392.32733     0.0040731681
       392.34234     0.0043885493
       392.35736     0.0047166452
       392.37237     0.0050559448
       392.38739     0.0054049758
       392.40240     0.0057618208
       392.41742     0.0061248585
       392.43243     0.0064922896
       392.44745     0.0068621260
       392.46246     0.0072327606
       392.47748     0.0076021400
       392.49249     0.0079683392
       392.50751     0.0083294202
       392.52252     0.0086834531
       392.53754     0.0090285247
       392.55255     0.0093627492
       392.56757     0.0096842822
       392.58258     0.0099911874
       392.59760      0.010282012
       392.61261      0.010554950
       392.62763      0.010808423
       392.64264      0.011040938
       392.65766      0.011250990
       392.67267      0.011437546
       392.68769      0.011599326
       392.70270      0.011735198
       392.71772      0.011844484
       392.73273      0.011926316
       392.74775      0.011980017
       392.76276      0.012005309
       392.77778      0.012001818
       392.79279      0.011969371
       392.80781      0.011908125
       392.82282      0.011818198
       392.83784      0.011700069
       392.85285      0.011554230
       392.86787      0.011381486
       392.88288      0.011182693
       392.89790      0.010958969
       392.91291      0.010711561
       392.92793      0.010441883
       392.94294      0.010151543
       392.95796     0.0098422540
       392.97297     0.0095159382
       392.98799     0.0091746169
       393.00300     0.0088204115
       393.01802     0.0084557035
       393.03303     0.0080828699
       393.04805     0.0077043427
       393.06306     0.0073228493
       393.07808     0.0069410152
       393.09309     0.0065615848
       393.10811     0.0061872966
       393.12312     0.0058210883
       393.13814     0.0054657499
       393.15315     0.0051241261
       393.16817     0.0047990446
       393.18318     0.0044932444
       393.19820     0.0042095785
       393.21321     0.0039506642
       393.22823     0.0037190668
       393.24324     0.0035172650
       393.25826     0.0033476041
       393.27327     0.0032122857
       393.28829     0.0031133508
       393.30330     0.0030526658
       393.31832     0.0030318940
       393.33333     0.0030525011
       393.34835     0.0031157272
       393.36336     0.0032225779
       393.37838     0.0033738131
       393.39339     0.0035699369
       393.40841     0.0038111908
       393.42342     0.0040975456
       393.43844     0.0044285741
       393.45345     0.0048039231
       393.46847     0.0052226287
       393.48348     0.0056835491
       393.49850     0.0061852698
       393.51351     0.0067261056
       393.52853     0.0073039004
       393.54354     0.0079168426
       393.55856     0.0085622981
       393.57357     0.0092375760
       393.58859     0.0099395160
       393.60360      0.010665503
       393.61862      0.011411988
       393.63363      0.012175226
       393.64865      0.012952143
       393.66366      0.013738411
       393.67868      0.014530746
       393.69369      0.015324893
       393.70871      0.016116523
       393.72372      0.016902175
       393.73874      0.017677132
       393.75375      0.018437923
       393.76877      0.019179856
       393.78378      0.019899526
       393.79880      0.020592372
       393.81381      0.021255142
       393.82883      0.021883495
       393.84384      0.022474417
       393.85886      0.023039911
       393.87387      0.023570551
       393.88889      0.024051205
       393.90390      0.024478526
       393.91892      0.024850022
       393.93393      0.025162902
       393.94895      0.025414865
       393.96396      0.025603820
       393.97898      0.025728458
       393.99399      0.025787274
       394.00901      0.025779653
       394.02402      0.025705029
       394.03904      0.025563268
       394.05405      0.025354868
       394.06907      0.025080692
       394.08408      0.024741925
       394.09910      0.024340368
       394.11411      0.023878154
       394.12913      0.023357974
       394.14414      0.022782910
       394.15916      0.022156616
       394.17417      0.021483138
       394.18919      0.020766942
       394.20420      0.020012175
       394.21922      0.019224083
       394.23423      0.018409528
       394.24925      0.017574721
       394.26426      0.016726241
       394.27928      0.015871019
       394.29429      0.015016400
       394.30931      0.014169918
       394.32432      0.013339353
       394.33934      0.012532776
       394.35435      0.011758440
       394.36937      0.011024339
       394.38438      0.010338961
       394.39940     0.0097105550
       394.41441     0.0091473887
       394.42943     0.0086575830
       394.44444     0.0082488530
       394.45946     0.0079289096
       394.47447     0.0077049899
       394.48949     0.0075838993
       394.50450     0.0075719611
       394.51952     0.0076750535
       394.53453     0.0078982230
       394.54955     0.0082461416
       394.56456     0.0087223296
       394.57958     0.0093300448
       394.59459      0.010071052
       394.60961      0.010946741
       394.62462      0.011957735
       394.63964      0.013102861
       394.65465      0.014380771
       394.66967      0.015789330
       394.68468      0.017324248
       394.69970      0.018981364
       394.71471      0.020755255
       394.72973      0.022639577
       394.74474      0.024627027
       394.75976      0.026709520
       394.77477      0.028878172
       394.78979      0.031123274
       394.80480      0.033434506
       394.81982      0.035800921
       394.83483      0.038210946
       394.84985      0.040652597
       394.86486      0.043113478
       394.87988      0.045580795
       394.89489      0.048040807
       394.90991      0.050481851
       394.92492      0.052889853
       394.93994      0.055251511
       394.95495      0.057552811
       394.96997      0.059782081
       394.98498      0.061925608
       395.00000      0.063969978
       395.01502      0.065904227
       395.03003      0.067714983
       395.04505      0.069392033
       395.06006      0.070923092
       395.07508      0.072298942
       395.09009      0.073508607
       395.10511      0.074568932
       395.12012      0.075485437
       395.13514      0.076197045
       395.15015      0.076695357
       395.16517      0.076974472
       395.18018      0.077029250
       395.19520      0.076856088
       395.21021      0.076452895
       395.22523      0.075818714
       395.24024      0.074955115
       395.25526      0.073865225
       395.27027      0.072554268
       395.28529      0.071029961
       395.30030      0.069302281
       395.31532      0.067383852
       395.33033      0.065290726
       395.34535      0.063040813
       395.36036      0.060656164
       395.37538      0.058162222
       395.39039      0.055588245
       395.40541      0.052965778
       395.42042      0.050331834
       395.43544      0.047727073
       395.45045      0.045194480
       395.46547      0.042782983
       395.48048      0.040542918
       395.49550      0.038529649
       395.51051      0.036800248
       395.52553      0.035414158
       395.54054      0.034433025
       395.55556      0.033918724
       395.57057      0.033933311
       395.58559      0.034537026
       395.60060      0.035788094
       395.61562      0.037740962
       395.63063      0.040445040
       395.64565      0.043943427
       395.66066      0.048271709
       395.67568      0.053456852
       395.69069      0.059516086
       395.70571      0.066456384
       395.72072      0.074273906
       395.73574      0.082953551
       395.75075      0.092469479
       395.76577       0.10278195
       395.78078       0.11385115
       395.79580       0.12561897
       395.81081       0.13801886
       395.82583       0.15098976
       395.84084       0.16445441
       395.85586       0.17833177
       395.87087       0.19255239
       395.88589       0.20702895
       395.90090       0.22169394
       395.91592       0.23646309
       395.93093       0.25127030
       395.94595       0.26605394
       395.96096       0.28074249
       395.97598       0.29528481
       395.99099       0.30963062
       396.00601       0.32373997
       396.02102       0.33756482
       396.03604       0.35107701
       396.05105       0.36424893
       396.06607       0.37705825
       396.08108       0.38948744
       396.09610       0.40152316
       396.11111       0.41319630
       396.12613       0.42496750
       396.14114       0.43628888
       396.15616       0.44716070
       396.17117       0.45758603
       396.18619       0.46756865
       396.20120       0.47711926
       396.21622       0.48624368
       396.23123       0.49495525
       396.24625       0.50326230
       396.26126       0.51117832
       396.27628       0.51871586
       396.29129       0.52588777
       396.30631       0.53270706
       396.32132       0.53918570
       396.33634       0.54533898
       396.35135       0.55117747
       396.36637       0.55671592
       396.38138       0.56196457
       396.39640       0.56693633
       396.41141       0.57164282
       396.42643       0.57609515
       396.44144       0.58030398
       396.45646       0.58427968
       396.47147       0.58803204
       396.48649       0.59157041
       396.50150       0.59499137
       396.51652       0.59823106
       396.53153       0.60126892
       396.54655       0.60411311
       396.56156       0.60677326
       396.57658       0.60925576
       396.59159       0.61156878
       396.60661       0.61371920
       396.62162       0.61571353
       396.63664       0.61755785
       396.65165       0.61925803
       396.66667       0.62081942
       396.68168       0.62224653
       396.69670       0.62354519
       396.71171       0.62471884
       396.72673       0.62577200
       396.74174       0.62670904
       396.75676       0.62753266
       396.77177       0.62824652
       396.78679       0.62885384
       396.80180       0.62935739
       396.81682       0.62975938
       396.83183       0.63006303
       396.84685       0.63027012
       396.86186       0.63038230
       396.87688       0.63040185
       396.89189       0.63030637
       396.90691       0.63011168
       396.92192       0.62982534
       396.93694       0.62944863
       396.95195       0.62898287
       396.96697       0.62842887
       396.98198       0.62778756
       396.99700       0.62705957
       397.01201       0.62624539
       397.02703       0.62534526
       397.04204       0.62435952
       397.05706       0.62328803
       397.07207       0.62213069
       397.08709       0.62088727
       397.10210       0.61955731
       397.11712       0.61814011
       397.13213       0.61656345
       397.14715       0.61487970
       397.16216       0.61310459
       397.17718       0.61123714
       397.19219       0.60927583
       397.20721       0.60721901
       397.22222       0.60506523
       397.23724       0.60281243
       397.25225       0.60045845
       397.26727       0.59787642
       397.28228       0.59505861
       397.29730       0.59213627
       397.31231       0.58910680
       397.32733       0.58596680
       397.34234       0.58271284
       397.35736       0.57934146
       397.37237       0.57584894
       397.38739       0.57218947
       397.40240       0.56835477
       397.41742       0.56438206
       397.43243       0.56026592
       397.44745       0.55600184
       397.46246       0.55158408
       397.47748       0.54700693
       397.49249       0.54226476
       397.50751       0.53735123
       397.52252       0.53162685
       397.53754       0.52560985
       397.55255       0.51941969
       397.56757       0.51304905
       397.58258       0.50649126
       397.59760       0.49973929
       397.61261       0.49278521
       397.62763       0.48562290
       397.64264       0.47813863
       397.65766       0.46994588
       397.67267       0.46154379
       397.68769       0.45292702
       397.70270       0.44409065
       397.71772       0.43503121
       397.73273       0.42574616
       397.74775       0.41623383
       397.76276       0.40649458
       397.77778       0.39621957
       397.79279       0.38546904
       397.80781       0.37454832
       397.82282       0.36347056
       397.83784       0.35224641
       397.85285       0.34089389
       397.86787       0.32943555
       397.88288       0.31789348
       397.89790       0.30629476
       397.91291       0.29467145
       397.92793       0.28305795
       397.94294       0.27149213
       397.95796       0.26001762
       397.97297       0.24867611
       397.98799       0.23751622
       398.00300       0.22658633
       398.01802       0.21593557
       398.03303       0.20556326
       398.04805       0.19565571
       398.06306       0.18626043
       398.07808       0.17740586
       398.09309       0.16911623
       398.10811       0.16140903
       398.12312       0.15429440
       398.13814       0.14777712
       398.15315       0.14185473
       398.16817       0.13651843
       398.18318       0.13175255
       398.19820       0.12753540
       398.21321       0.12384100
       398.22823       0.12063790
       398.24324       0.11789111
       398.25826       0.11556328
       398.27327       0.11361136
       398.28829       0.11196588
       398.30330       0.11058819
       398.31832       0.10944310
       398.33333       0.10849630
       398.34835       0.10771514
       398.36336       0.10706824
       398.37838       0.10652636
       398.39339       0.10606257
       398.40841       0.10565462
       398.42342       0.10529207
       398.43844       0.10495559
       398.45345       0.10462603
       398.46847       0.10428635
       398.48348       0.10392173
       398.49850       0.10351926
       398.51351       0.10306797
       398.52853       0.10255899
       398.54354       0.10198940
       398.55856       0.10136045
       398.57357       0.10065243
       398.58859      0.099862840
       398.60360      0.099017305
       398.61862      0.098155371
       398.63363      0.097182829
       398.64865      0.096102867
       398.66366      0.094920275
       398.67868      0.093641348
       398.69369      0.092273593
       398.70871      0.090825378
       398.72372      0.089306308
       398.73874      0.087726164
       398.75375      0.086095573
       398.76877      0.084425485
       398.78378      0.082726866
       398.79880      0.081010710
       398.81381      0.079135788
       398.82883      0.077315667
       398.84384      0.075570517
       398.85886      0.073903381
       398.87387      0.072316260
       398.88889      0.070810017
       398.90390      0.069384966
       398.91892      0.068062939
       398.93393      0.066818218
       398.94895      0.065630710
       398.96396      0.064499876
       398.97898      0.063424799
       398.99399      0.062404441
       399.00901      0.061437314
       399.02402      0.060521697
       399.03904      0.059655844
       399.05405      0.058837656
       399.06907      0.058064903
       399.08408      0.057335412
       399.09910      0.056646764
       399.11411      0.055996415
       399.12913      0.055382173
       399.14414      0.054801385
       399.15916      0.054251652
       399.17417      0.053730670
       399.18919      0.053236047
       399.20420      0.052765466
       399.21922      0.052316811
       399.23423      0.051887930
       399.24925      0.051476775
       399.26426      0.051081441
       399.27928      0.050700249
       399.29429      0.050331336
       399.30931      0.049972505
       399.32432      0.049621287
       399.33934      0.049276694
       399.35435      0.048937798
       399.36937      0.048603664
       399.38438      0.048273461
       399.39940      0.047946598
       399.41441      0.047622438
       399.42943      0.047300552
       399.44444      0.046924272
       399.45946      0.046548489
       399.47447      0.046175458
       399.48949      0.045805119
       399.50450      0.045437439
       399.51952      0.045072495
       399.53453      0.044710290
       399.54955      0.044350845
       399.56456      0.044001805
       399.57958      0.043672362
       399.59459      0.043345025
       399.60961      0.043019889
       399.62462      0.042696980
       399.63964      0.042376336
       399.65465      0.042058085
       399.66967      0.041742291
       399.68468      0.041442214
       399.69970      0.041172414
       399.71471      0.040903286
       399.72973      0.040634841
       399.74474      0.040367121
       399.75976      0.040100271
       399.77477      0.039834380
       399.78979      0.039569522
       399.80480      0.039305967
       399.81982      0.039043782
       399.83483      0.038783149
       399.84985      0.038524296
       399.86486      0.038267380
       399.87988      0.038012560
       399.89489      0.037760034
       399.90991      0.037510025
       399.92492      0.037262614
       399.93994      0.037018052
       399.95495      0.036777255
       399.96997      0.036548790
       399.98498      0.036334507
       400.00000      0.036133751
       400.01502      0.035945905
       400.03003      0.035770514
       400.04505      0.035607084
       400.06006      0.035455130
       400.07508      0.035246026
       400.09009      0.034909254
       400.10511      0.034576278
       400.12012      0.034247095
       400.13514      0.033921657
       400.15015      0.033599920
       400.16517      0.033281915
       400.18018      0.032967577
       400.19520      0.032656865
       400.21021      0.032366361
       400.22523      0.032086753
       400.24024      0.031810153
       400.25526      0.031536547
       400.27027      0.031265888
       400.28529      0.030998130
       400.30030      0.030733279
       400.31532      0.030471310
       400.33033      0.030212136
       400.34535      0.029955803
       400.36036      0.029702246
       400.37538      0.029451421
       400.39039      0.029203332
       400.40541      0.028957935
       400.42042      0.028715205
       400.43544      0.028475109
       400.45045      0.028237642
       400.46547      0.028011389
       400.48048      0.027802966
       400.49550      0.027597251
       400.51051      0.027394195
       400.52553      0.027193794
       400.54054      0.026996001
       400.55556      0.026800767
       400.57057      0.026608091
       400.58559      0.026415575
       400.60060      0.026225111
       400.61562      0.026037148
       400.63063      0.025851659
       400.64565      0.025668604
       400.66066      0.025487961
       400.67568      0.025309694
       400.69069      0.025133773
       400.70571      0.024960203
       400.72072      0.024788891
       400.73574      0.024619841
       400.75075      0.024453025
       400.76577      0.024288414
       400.78078      0.024125983
       400.79580      0.023965705
       400.81081      0.023807553
       400.82583      0.023651532
       400.84084      0.023497558
       400.85586      0.023345628
       400.87087      0.023195732
       400.88589      0.023047838
       400.90090      0.022901916
       400.91592      0.022757958
       400.93093      0.022615923
       400.94595      0.022475825
       400.96096      0.022337599
       400.97598      0.022201228
       400.99099      0.022066702
       401.00601      0.021934000
       401.02102      0.021803101
       401.03604      0.021673985
       401.05105      0.021546632
       401.06607      0.021421046
       401.08108      0.021297160
       401.09610      0.021174979
       401.11111      0.021051221
       401.12613      0.020888518
       401.14114      0.020728062
       401.15616      0.020569851
       401.17117      0.020413868
       401.18619      0.020260125
       401.20120      0.020108566
       401.21622      0.019959211
       401.23123      0.019812044
       401.24625      0.019654544
       401.26126      0.019481499
       401.27628      0.019310353
       401.29129      0.019141099
       401.30631      0.018973750
       401.32132      0.018808269
       401.33634      0.018644656
       401.35135      0.018482905
       401.36637      0.018323019
       401.38138      0.018127213
       401.39640      0.017921363
       401.41141      0.017717579
       401.42643      0.017515835
       401.44144      0.017316143
       401.45646      0.017118525
       401.47147      0.016922938
       401.48649      0.016729430
       401.50150      0.016534530
       401.51652      0.016310517
       401.53153      0.016088253
       401.54655      0.015867722
       401.56156      0.015648893
       401.57658      0.015431813
       401.59159      0.015216453
       401.60661      0.015002813
       401.62162      0.014790925
       401.63664      0.014569010
       401.65165      0.014334164
       401.66667      0.014101164
       401.68168      0.013870060
       401.69670      0.013640837
       401.71171      0.013413538
       401.72673      0.013188132
       401.74174      0.012964624
       401.75676      0.012743020
       401.77177      0.012516294
       401.78679      0.012289601
       401.80180      0.012065006
       401.81682      0.011842451
       401.83183      0.011621942
       401.84685      0.011403484
       401.86186      0.011187083
       401.87688      0.010972822
       401.89189      0.010760551
       401.90691      0.010550429
       401.92192      0.010342385
       401.93694      0.010136424
       401.95195     0.0099325620
       401.96697     0.0097307804
       401.98198     0.0095311693
       401.99700     0.0093335857
       402.01201     0.0091381807
       402.02703     0.0088917775
       402.04204     0.0085927558
       402.05706     0.0083035875
       402.07207     0.0080242407
       402.08709     0.0077547661
       402.10210     0.0074950648
       402.11712     0.0072452468
       402.13213     0.0070052927
       402.14715     0.0067750739
       402.16216     0.0067117737
       402.17718     0.0066877585
       402.19219     0.0066651613
       402.20721     0.0066438013
       402.22222     0.0066235343
       402.23724     0.0066042120
       402.25225     0.0065857182
       402.26727     0.0065679225
       402.28228     0.0065496628
       402.29730     0.0065256191
       402.31231     0.0065017215
       402.32733     0.0064779650
       402.34234     0.0064543681
       402.35736     0.0064309651
       402.37237     0.0064077911
       402.38739     0.0063849074
       402.40240     0.0063623642
       402.41742     0.0063449109
       402.43243     0.0063326432
       402.44745     0.0063208208
       402.46246     0.0063095441
       402.47748     0.0062989221
       402.49249     0.0062890639
       402.50751     0.0062800421
       402.52252     0.0062719791
       402.53754     0.0062649481
       402.55255     0.0062598249
       402.56757     0.0062595148
       402.58258     0.0062601876
       402.59760     0.0062618724
       402.61261     0.0062646061
       402.62763     0.0062683767
       402.64264     0.0062731886
       402.65766     0.0062790249
       402.67267     0.0062876696
       402.68769     0.0063055675
       402.70270     0.0063243083
       402.71772     0.0063438138
       402.73273     0.0063639808
       402.74775     0.0063847260
       402.76276     0.0064059434
       402.77778     0.0064275209
       402.79279     0.0064493365
       402.80781     0.0064712799
       402.82282     0.0064920280
       402.83784     0.0065123057
       402.85285     0.0065321947
       402.86787     0.0065516192
       402.88288     0.0065704976
       402.89790     0.0065887558
       402.91291     0.0066063255
       402.92793     0.0066231419
       402.94294     0.0066540211
       402.95796     0.0066862013
       402.97297     0.0067171967
       402.98799     0.0067470413
       403.00300     0.0067757485
       403.01802     0.0068033452
       403.03303     0.0068298480
       403.04805     0.0068553570
       403.06306     0.0068798786
       403.07808     0.0069035195
       403.09309     0.0069263614
       403.10811     0.0069484928
       403.12312     0.0069700076
       403.13814     0.0069910036
       403.15315     0.0070115809
       403.16817     0.0070318086
       403.18318     0.0070518186
       403.19820     0.0070717189
       403.21321     0.0071187438
       403.22823     0.0071694494
       403.24324     0.0072203587
       403.25826     0.0072715682
       403.27327     0.0073232017
       403.28829     0.0073754089
       403.30330     0.0074282220
       403.31832     0.0074817296
       403.33333     0.0075466546
       403.34835     0.0076505664
       403.36336     0.0077561859
       403.37838     0.0078633972
       403.39339     0.0079720733
       403.40841     0.0080821083
       403.42342     0.0081933750
       403.43844     0.0083058476
       403.45345     0.0084194454
       403.46847     0.0084614200
       403.48348     0.0084478787
       403.49850     0.0084348610
       403.51351     0.0084223615
       403.52853     0.0084103751
       403.54354     0.0083988902
       403.55856     0.0083879178
       403.57357     0.0083774349
       403.58859     0.0083674396
       403.60360     0.0083791160
       403.61862     0.0083933707
       403.63363     0.0084080175
       403.64865     0.0084230249
       403.66366     0.0084383884
       403.67868     0.0084541398
       403.69369     0.0084702301
       403.70871     0.0084866781
       403.72372     0.0084995301
       403.73874     0.0085009121
       403.75375     0.0085028593
       403.76877     0.0085054269
       403.78378     0.0085085502
       403.79880     0.0085122947
       403.81381     0.0085165768
       403.82883     0.0085214313
       403.84384     0.0085268539
       403.85886     0.0085328399
       403.87387     0.0085393847
       403.88889     0.0085464836
       403.90390     0.0085540979
       403.91892     0.0085622988
       403.93393     0.0085709965
       403.94895     0.0085802639
       403.96396     0.0085900261
       403.97898     0.0086003129
       403.99399     0.0086111561
       404.00901     0.0086224782
       404.02402     0.0086343104
       404.03904     0.0086466180
       404.05405     0.0086594553
       404.06907     0.0086727880
       404.08408     0.0086865725
       404.09910     0.0087008808
       404.11411     0.0087094223
       404.12913     0.0087021449
       404.14414     0.0086956394
       404.15916     0.0086898931
       404.17417     0.0086848866
       404.18919     0.0086806398
       404.20420     0.0086771315
       404.21922     0.0086743663
       404.23423     0.0086723398
       404.24925     0.0086710388
       404.26426     0.0086421205
       404.27928     0.0086124184
       404.29429     0.0085833980
       404.30931     0.0085550665
       404.32432     0.0085274219
       404.33934     0.0085004590
       404.35435     0.0084741824
       404.36937     0.0084485831
       404.38438     0.0084236670
       404.39940     0.0083994239
       404.41441     0.0083758558
       404.42943     0.0083529673
       404.44444     0.0083307438
       404.45946     0.0083091840
       404.47447     0.0082882974
       404.48949     0.0082680702
       404.50450     0.0082485063
       404.51952     0.0082173556
       404.53453     0.0081796534
       404.54955     0.0081424539
       404.56456     0.0081057435
       404.57958     0.0080695266
       404.59459     0.0080338019
       404.60961     0.0079985677
       404.62462     0.0079638248
       404.63964     0.0079295670
       404.65465     0.0078957972
       404.66967     0.0078625171
       404.68468     0.0078297143
       404.69970     0.0077973927
       404.71471     0.0077655509
       404.72973     0.0077341876
       404.74474     0.0077033019
       404.75976     0.0076728908
       404.77477     0.0076429541
       404.78979     0.0076064166
       404.80480     0.0075664935
       404.81982     0.0075269274
       404.83483     0.0074877399
       404.84985     0.0074489180
       404.86486     0.0074104602
       404.87988     0.0073723651
       404.89489     0.0073346313
       404.90991     0.0072972723
       404.92492     0.0072602564
       404.93994     0.0072235975
       404.95495     0.0071873038
       404.96997     0.0071513545
       404.98498     0.0071157673
       405.00000     0.0070805220
