;   
;  IMD Data
;   
;  Saved on Wed Aug 16 09:02:50 2023
;   
;  Structure: 
;   
;  [Sc/Cr] multilayer, N=300, d=1.56 nm, Gamma=0.590
;      Sc layer (1), z=0.92 nm, sigma[Cr/Sc]=0.10 nm
;      Cr layer (2), z=0.64 nm, sigma=0.10 nm
;  Si substrate
;   
;  
;   
;  Theta=0.000 deg
;   
;  E [eV] 	R
       390.00000     0.0026141688
       390.01502     0.0027315437
       390.03003     0.0028484164
       390.04505     0.0029640752
       390.06006     0.0030780489
       390.07508     0.0031896345
       390.09009     0.0032983131
       390.10511     0.0034035786
       390.12012     0.0035047586
       390.13514     0.0036013791
       390.15015     0.0036929842
       390.16517     0.0037789683
       390.18018     0.0038589261
       390.19520     0.0039324767
       390.21021     0.0039991099
       390.22523     0.0040585128
       390.24024     0.0041104000
       390.25526     0.0041543893
       390.27027     0.0041902716
       390.28529     0.0042178413
       390.30030     0.0042369736
       390.31532     0.0042474688
       390.33033     0.0042492965
       390.34535     0.0042424323
       390.36036     0.0042269292
       390.37538     0.0042027982
       390.39039     0.0041701920
       390.40541     0.0041292878
       390.42042     0.0040802875
       390.43544     0.0040234701
       390.45045     0.0039591395
       390.46547     0.0038876442
       390.48048     0.0038093936
       390.49550     0.0037248404
       390.51051     0.0036344477
       390.52553     0.0035387470
       390.54054     0.0034382917
       390.55556     0.0033336747
       390.57057     0.0032255272
       390.58559     0.0031144743
       390.60060     0.0030012096
       390.61562     0.0028864025
       390.63063     0.0027707730
       390.64565     0.0026550544
       390.66066     0.0025399330
       390.67568     0.0024262136
       390.69069     0.0023145904
       390.70571     0.0022058208
       390.72072     0.0021006131
       390.73574     0.0019997061
       390.75075     0.0019037832
       390.76577     0.0018135388
       390.78078     0.0017296424
       390.79580     0.0016527102
       390.81081     0.0015833615
       390.82583     0.0015221481
       390.84084     0.0014696142
       390.85586     0.0014262329
       390.87087     0.0013924592
       390.88589     0.0013686750
       390.90090     0.0013552274
       390.91592     0.0013524081
       390.93093     0.0013604443
       390.94595     0.0013795186
       390.96096     0.0014097405
       390.97598     0.0014511698
       390.99099     0.0015037956
       391.00601     0.0015675509
       391.02102     0.0016423020
       391.03604     0.0017278541
       391.05105     0.0018239015
       391.06607     0.0019302182
       391.08108     0.0020463787
       391.09610     0.0021719485
       391.11111     0.0023064281
       391.12613     0.0024492697
       391.14114     0.0025998029
       391.15616     0.0027575101
       391.17117     0.0029216289
       391.18619     0.0030914232
       391.20120     0.0032660219
       391.21622     0.0034447812
       391.23123     0.0036267792
       391.24625     0.0038111370
       391.26126     0.0039969663
       391.27628     0.0041832677
       391.29129     0.0043692996
       391.30631     0.0045540451
       391.32132     0.0047364815
       391.33634     0.0049158680
       391.35135     0.0050911941
       391.36637     0.0052614625
       391.38138     0.0054259740
       391.39640     0.0055837736
       391.41141     0.0057340279
       391.42643     0.0058758491
       391.44144     0.0060086549
       391.45646     0.0061315535
       391.47147     0.0062440438
       391.48649     0.0063454171
       391.50150     0.0064350406
       391.51652     0.0065125575
       391.53153     0.0065774478
       391.54655     0.0066292732
       391.56156     0.0066678441
       391.57658     0.0066928178
       391.59159     0.0067041308
       391.60661     0.0067015942
       391.62162     0.0066872312
       391.63664     0.0066589811
       391.65165     0.0066163568
       391.66667     0.0065595702
       391.68168     0.0064889181
       391.69670     0.0064048238
       391.71171     0.0063077519
       391.72673     0.0061982527
       391.74174     0.0060770017
       391.75676     0.0059447195
       391.77177     0.0058021975
       391.78679     0.0056503168
       391.80180     0.0054900416
       391.81682     0.0053223511
       391.83183     0.0051483320
       391.84685     0.0049691373
       391.86186     0.0047858776
       391.87688     0.0045998320
       391.89189     0.0044122709
       391.90691     0.0042244235
       391.92192     0.0040376620
       391.93694     0.0038532518
       391.95195     0.0036725605
       391.96697     0.0034969561
       391.98198     0.0033277068
       391.99700     0.0031661872
       392.01201     0.0030136574
       392.02703     0.0028713531
       392.04204     0.0027405445
       392.05706     0.0026223601
       392.07207     0.0025179564
       392.08709     0.0024283557
       392.10210     0.0023545670
       392.11712     0.0022974817
       392.13213     0.0022579246
       392.14715     0.0022366251
       392.16216     0.0022342156
       392.17718     0.0022512276
       392.19219     0.0022881110
       392.20721     0.0023451350
       392.22222     0.0024225174
       392.23724     0.0025203386
       392.25225     0.0026386089
       392.26727     0.0027770734
       392.28228     0.0029354918
       392.29730     0.0031134552
       392.31231     0.0033104395
       392.32733     0.0035257946
       392.34234     0.0037587544
       392.35736     0.0040084376
       392.37237     0.0042738521
       392.38739     0.0045540040
       392.40240     0.0048474895
       392.41742     0.0051531129
       392.43243     0.0054694836
       392.44745     0.0057950287
       392.46246     0.0061284454
       392.47748     0.0064680114
       392.49249     0.0068120675
       392.50751     0.0071589069
       392.52252     0.0075067780
       392.53754     0.0078539242
       392.55255     0.0081985482
       392.56757     0.0085388535
       392.58258     0.0088729082
       392.59760     0.0091992056
       392.61261     0.0095158617
       392.62763     0.0098211505
       392.64264      0.010113396
       392.65766      0.010390850
       392.67267      0.010652219
       392.68769      0.010895891
       392.70270      0.011120356
       392.71772      0.011324550
       392.73273      0.011507157
       392.74775      0.011666982
       392.76276      0.011803266
       392.77778      0.011915067
       392.79279      0.012001579
       392.80781      0.012062404
       392.82282      0.012096962
       392.83784      0.012105127
       392.85285      0.012086621
       392.86787      0.012041596
       392.88288      0.011970169
       392.89790      0.011872731
       392.91291      0.011749751
       392.92793      0.011601971
       392.94294      0.011430155
       392.95796      0.011235335
       392.97297      0.011018692
       392.98799      0.010781489
       393.00300      0.010525185
       393.01802      0.010251456
       393.03303     0.0099619734
       393.04805     0.0096586285
       393.06306     0.0093434431
       393.07808     0.0090185270
       393.09309     0.0086861344
       393.10811     0.0083484666
       393.12312     0.0080080994
       393.13814     0.0076673933
       393.15315     0.0073289133
       393.16817     0.0069952685
       393.18318     0.0066689499
       393.19820     0.0063527639
       393.21321     0.0060492187
       393.22823     0.0057609801
       393.24324     0.0054905727
       393.25826     0.0052405771
       393.27327     0.0050134070
       393.28829     0.0048114898
       393.30330     0.0046370621
       393.31832     0.0044923113
       393.33333     0.0043792858
       393.34835     0.0042998342
       393.36336     0.0042557075
       393.37838     0.0042484300
       393.39339     0.0042793413
       393.40841     0.0043496064
       393.42342     0.0044601358
       393.43844     0.0046115712
       393.45345     0.0048045004
       393.46847     0.0050390906
       393.48348     0.0053153118
       393.49850     0.0056328800
       393.51351     0.0059912614
       393.52853     0.0063894967
       393.54354     0.0068268277
       393.55856     0.0073018153
       393.57357     0.0078128804
       393.58859     0.0083580344
       393.60360     0.0089356074
       393.61862     0.0095431482
       393.63363      0.010177946
       393.64865      0.010837745
       393.66366      0.011519208
       393.67868      0.012219749
       393.69369      0.012935920
       393.70871      0.013664097
       393.72372      0.014401318
       393.73874      0.015143452
       393.75375      0.015887423
       393.76877      0.016628884
       393.78378      0.017364672
       393.79880      0.018090416
       393.81381      0.018802896
       393.82883      0.019497772
       393.84384      0.020171923
       393.85886      0.020837942
       393.87387      0.021486558
       393.88889      0.022101827
       393.90390      0.022679876
       393.91892      0.023217637
       393.93393      0.023711595
       393.94895      0.024158659
       393.96396      0.024555821
       393.97898      0.024900850
       393.99399      0.025191106
       394.00901      0.025424882
       394.02402      0.025600362
       394.03904      0.025716072
       394.05405      0.025771155
       394.06907      0.025765065
       394.08408      0.025697344
       394.09910      0.025568353
       394.11411      0.025378496
       394.12913      0.025128807
       394.14414      0.024820683
       394.15916      0.024455865
       394.17417      0.024036717
       394.18919      0.023565880
       394.20420      0.023046453
       394.21922      0.022481986
       394.23423      0.021876528
       394.24925      0.021234368
       394.26426      0.020560424
       394.27928      0.019859777
       394.29429      0.019138121
       394.30931      0.018401329
       394.32432      0.017655605
       394.33934      0.016907644
       394.35435      0.016164349
       394.36937      0.015432514
       394.38438      0.014719664
       394.39940      0.014033190
       394.41441      0.013380600
       394.42943      0.012769728
       394.44444      0.012207962
       394.45946      0.011702955
       394.47447      0.011262354
       394.48949      0.010893319
       394.50450      0.010603011
       394.51952      0.010398274
       394.53453      0.010285550
       394.54955      0.010270898
       394.56456      0.010359872
       394.57958      0.010557607
       394.59459      0.010868363
       394.60961      0.011295992
       394.62462      0.011843782
       394.63964      0.012513697
       394.65465      0.013307429
       394.66967      0.014225983
       394.68468      0.015268640
       394.69970      0.016434627
       394.71471      0.017722017
       394.72973      0.019127983
       394.74474      0.020648831
       394.75976      0.022279887
       394.77477      0.024015697
       394.78979      0.025849933
       394.80480      0.027775459
       394.81982      0.029784412
       394.83483      0.031868069
       394.84985      0.034017170
       394.86486      0.036221796
       394.87988      0.038471477
       394.89489      0.040754562
       394.90991      0.043061055
       394.92492      0.045378600
       394.93994      0.047695108
       394.95495      0.049997707
       394.96997      0.052275517
       394.98498      0.054515440
       395.00000      0.056704403
       395.01502      0.058831565
       395.03003      0.060883410
       395.04505      0.062849440
       395.06006      0.064716719
       395.07508      0.066475342
       395.09009      0.068113242
       395.10511      0.069650720
       395.12012      0.071098266
       395.13514      0.072385179
       395.15015      0.073500672
       395.16517      0.074436595
       395.18018      0.075185170
       395.19520      0.075739683
       395.21021      0.076094881
       395.22523      0.076245800
       395.24024      0.076189873
       395.25526      0.075925658
       395.27027      0.075453328
       395.28529      0.074774797
       395.30030      0.073893869
       395.31532      0.072816384
       395.33033      0.071550533
       395.34535      0.070106464
       395.36036      0.068497202
       395.37538      0.066738378
       395.39039      0.064848820
       395.40541      0.062849421
       395.42042      0.060765328
       395.43544      0.058624641
       395.45045      0.056458100
       395.46547      0.054301356
       395.48048      0.052191877
       395.49550      0.050172160
       395.51051      0.048286739
       395.52553      0.046583337
       395.54054      0.045113311
       395.55556      0.043929379
       395.57057      0.043086464
       395.58559      0.042640403
       395.60060      0.042647457
       395.61562      0.043163302
       395.63063      0.044242036
       395.64565      0.045935091
       395.66066      0.048290093
       395.67568      0.051349694
       395.69069      0.055150422
       395.70571      0.059721644
       395.72072      0.065084547
       395.73574      0.071251355
       395.75075      0.078224612
       395.76577      0.085994551
       395.78078      0.094548850
       395.79580       0.10385790
       395.81081       0.11388170
       395.82583       0.12458131
       395.84084       0.13590090
       395.85586       0.14777666
       395.87087       0.16015141
       395.88589       0.17294795
       395.90090       0.18610374
       395.91592       0.19953743
       395.93093       0.21318104
       395.94595       0.22696806
       395.96096       0.24082157
       395.97598       0.25468098
       395.99099       0.26848558
       396.00601       0.28218374
       396.02102       0.29571591
       396.03604       0.30904097
       396.05105       0.32211866
       396.06607       0.33491476
       396.08108       0.34739965
       396.09610       0.35954876
       396.11111       0.37138331
       396.12613       0.38336056
       396.14114       0.39491841
       396.15616       0.40604863
       396.17117       0.41674634
       396.18619       0.42700843
       396.20120       0.43684012
       396.21622       0.44624199
       396.23123       0.45522359
       396.24625       0.46378968
       396.26126       0.47195097
       396.27628       0.47971806
       396.29129       0.48710196
       396.30631       0.49411468
       396.32132       0.50076724
       396.33634       0.50707435
       396.35135       0.51304656
       396.36637       0.51869838
       396.38138       0.52404040
       396.39640       0.52908576
       396.41141       0.53384657
       396.42643       0.53833441
       396.44144       0.54256070
       396.45646       0.54653632
       396.47147       0.55027177
       396.48649       0.55377728
       396.50150       0.55714291
       396.51652       0.56030919
       396.53153       0.56325843
       396.54655       0.56599967
       396.56156       0.56854324
       396.57658       0.57089659
       396.59159       0.57306843
       396.60661       0.57506648
       396.62162       0.57689801
       396.63664       0.57856980
       396.65165       0.58008833
       396.66667       0.58145959
       396.68168       0.58268889
       396.69670       0.58378233
       396.71171       0.58474416
       396.72673       0.58557938
       396.74174       0.58629270
       396.75676       0.58688753
       396.77177       0.58736798
       396.78679       0.58773759
       396.80180       0.58799961
       396.81682       0.58815686
       396.83183       0.58821264
       396.84685       0.58816928
       396.86186       0.58802897
       396.87688       0.58779413
       396.89189       0.58742478
       396.90691       0.58694989
       396.92192       0.58638212
       396.93694       0.58572319
       396.95195       0.58497463
       396.96697       0.58413777
       396.98198       0.58321387
       396.99700       0.58220386
       397.01201       0.58110866
       397.02703       0.57992895
       397.04204       0.57866530
       397.05706       0.57731808
       397.07207       0.57588760
       397.08709       0.57437399
       397.10210       0.57277719
       397.11712       0.57109714
       397.13213       0.56923952
       397.14715       0.56727404
       397.16216       0.56522217
       397.17718       0.56308343
       397.19219       0.56085682
       397.20721       0.55854156
       397.22222       0.55613650
       397.23724       0.55364044
       397.25225       0.55105211
       397.26727       0.54823628
       397.28228       0.54518549
       397.29730       0.54204123
       397.31231       0.53880184
       397.32733       0.53546494
       397.34234       0.53202842
       397.35736       0.52848958
       397.37237       0.52484609
       397.38739       0.52103627
       397.40240       0.51705212
       397.41742       0.51295083
       397.43243       0.50872876
       397.44745       0.50438299
       397.46246       0.49990985
       397.47748       0.49530580
       397.49249       0.49056732
       397.50751       0.48569048
       397.52252       0.48001779
       397.53754       0.47408793
       397.55255       0.46802782
       397.56757       0.46183361
       397.58258       0.45550155
       397.59760       0.44902853
       397.61261       0.44241021
       397.62763       0.43564453
       397.64264       0.42861937
       397.65766       0.42094525
       397.67267       0.41313816
       397.68769       0.40519654
       397.70270       0.39712018
       397.71772       0.38891034
       397.73273       0.38056795
       397.74775       0.37209563
       397.76276       0.36349777
       397.77778       0.35447418
       397.79279       0.34508837
       397.80781       0.33564166
       397.82282       0.32614658
       397.83784       0.31661308
       397.85285       0.30705727
       397.86787       0.29749698
       397.88288       0.28794911
       397.89790       0.27843379
       397.91291       0.26897288
       397.92793       0.25958983
       397.94294       0.25030956
       397.95796       0.24115934
       397.97297       0.23216398
       397.98799       0.22335405
       398.00300       0.21475513
       398.01802       0.20639569
       398.03303       0.19818464
       398.04805       0.19032332
       398.06306       0.18284887
       398.07808       0.17577211
       398.09309       0.16910069
       398.10811       0.16283950
       398.12312       0.15698876
       398.13814       0.15154598
       398.15315       0.14650503
       398.16817       0.14185665
       398.18318       0.13758868
       398.19820       0.13368535
       398.21321       0.13012920
       398.22823       0.12690043
       398.24324       0.12397754
       398.25826       0.12133682
       398.27327       0.11896417
       398.28829       0.11684406
       398.30330       0.11491085
       398.31832       0.11314435
       398.33333       0.11152415
       398.34835       0.11003132
       398.36336       0.10864751
       398.37838       0.10735544
       398.39339       0.10613910
       398.40841       0.10499629
       398.42342       0.10391764
       398.43844       0.10288199
       398.45345       0.10187775
       398.46847       0.10089394
       398.48348      0.099921242
       398.49850      0.098951251
       398.51351      0.097976841
       398.52853      0.096991583
       398.54354      0.095990758
       398.55856      0.094969473
       398.57357      0.093922803
       398.58859      0.092848157
       398.60360      0.091750128
       398.61862      0.090630759
       398.63363      0.089465299
       398.64865      0.088255005
       398.66366      0.087002320
       398.67868      0.085709971
       398.69369      0.084382274
       398.70871      0.083023964
       398.72372      0.081640104
       398.73874      0.080236301
       398.75375      0.078818890
       398.76877      0.077393657
       398.78378      0.075967153
       398.79880      0.074545341
       398.81381      0.073005898
       398.82883      0.071514132
       398.84384      0.070083935
       398.85886      0.068715731
       398.87387      0.067409598
       398.88889      0.066164498
       398.90390      0.064979559
       398.91892      0.063887937
       398.93393      0.062864579
       398.94895      0.061881116
       398.96396      0.060936920
       398.97898      0.060030978
       398.99399      0.059161998
       399.00901      0.058328892
       399.02402      0.057530094
       399.03904      0.056764392
       399.05405      0.056030103
       399.06907      0.055325914
       399.08408      0.054650093
       399.09910      0.054001286
       399.11411      0.053377763
       399.12913      0.052778189
       399.14414      0.052200880
       399.15916      0.051644552
       399.17417      0.051107619
       399.18919      0.050588879
       399.20420      0.050086860
       399.21922      0.049600466
       399.23423      0.049128355
       399.24925      0.048669555
       399.26426      0.048222925
       399.27928      0.047787433
       399.29429      0.047362282
       399.30931      0.046943012
       399.32432      0.046529790
       399.33934      0.046123879
       399.35435      0.045724872
       399.36937      0.045332225
       399.38438      0.044945458
       399.39940      0.044564335
       399.41441      0.044188479
       399.42943      0.043817563
       399.44444      0.043422520
       399.45946      0.043031071
       399.47447      0.042644432
       399.48949      0.042262492
       399.50450      0.041885160
       399.51952      0.041512525
       399.53453      0.041144493
       399.54955      0.040781006
       399.56456      0.040427076
       399.57958      0.040088721
       399.59459      0.039754472
       399.60961      0.039424398
       399.62462      0.039098418
       399.63964      0.038776459
       399.65465      0.038458608
       399.66967      0.038144797
       399.68468      0.037844771
       399.69970      0.037569480
       399.71471      0.037297090
       399.72973      0.037027518
       399.74474      0.036760742
       399.75976      0.036496706
       399.77477      0.036235503
       399.78979      0.035977080
       399.80480      0.035721487
       399.81982      0.035468671
       399.83483      0.035218765
       399.84985      0.034971755
       399.86486      0.034727676
       399.87988      0.034486563
       399.89489      0.034248391
       399.90991      0.034013314
       399.92492      0.033781287
       399.93994      0.033552357
       399.95495      0.033314712
       399.96997      0.033061013
       399.98498      0.032817640
       400.00000      0.032584224
       400.01502      0.032360463
       400.03003      0.032146087
       400.04505      0.031940842
       400.06006      0.031744487
       400.07508      0.031523319
       400.09009      0.031241246
       400.10511      0.030961849
       400.12012      0.030685098
       400.13514      0.030410982
       400.15015      0.030139489
       400.16517      0.029870619
       400.18018      0.029604347
       400.19520      0.029340659
       400.21021      0.029093627
       400.22523      0.028855582
       400.24024      0.028619823
       400.25526      0.028386312
       400.27027      0.028155029
       400.28529      0.027925954
       400.30030      0.027699066
       400.31532      0.027474364
       400.33033      0.027251793
       400.34535      0.027031368
       400.36036      0.026813053
       400.37538      0.026596827
       400.39039      0.026382674
       400.40541      0.026170572
       400.42042      0.025960521
       400.43544      0.025752469
       400.45045      0.025546430
       400.46547      0.025347302
       400.48048      0.025158932
       400.49550      0.024972735
       400.51051      0.024788688
       400.52553      0.024606769
       400.54054      0.024426953
       400.55556      0.024249219
       400.57057      0.024073545
       400.58559      0.023899923
       400.60060      0.023728303
       400.61562      0.023558677
       400.63063      0.023391039
       400.64565      0.023225337
       400.66066      0.023061581
       400.67568      0.022899710
       400.69069      0.022739740
       400.70571      0.022581653
       400.72072      0.022425416
       400.73574      0.022271009
       400.75075      0.022118414
       400.76577      0.021967612
       400.78078      0.021818583
       400.79580      0.021671310
       400.81081      0.021525774
       400.82583      0.021381935
       400.84084      0.021239820
       400.85586      0.021099397
       400.87087      0.020960633
       400.88589      0.020823518
       400.90090      0.020688042
       400.91592      0.020554176
       400.93093      0.020421915
       400.94595      0.020291236
       400.96096      0.020162121
       400.97598      0.020034561
       400.99099      0.019908536
       401.00601      0.019784031
       401.02102      0.019661030
       401.03604      0.019539520
       401.05105      0.019419484
       401.06607      0.019300908
       401.08108      0.019183779
       401.09610      0.019068081
       401.11111      0.018951286
       401.12613      0.018804444
       401.14114      0.018659280
       401.15616      0.018515796
       401.17117      0.018373978
       401.18619      0.018233822
       401.20120      0.018095340
       401.21622      0.017958499
       401.23123      0.017823305
       401.24625      0.017681599
       401.26126      0.017529918
       401.27628      0.017379599
       401.29129      0.017230640
       401.30631      0.017083036
       401.32132      0.016936796
       401.33634      0.016791906
       401.35135      0.016648377
       401.36637      0.016506186
       401.38138      0.016337205
       401.39640      0.016160549
       401.41141      0.015985220
       401.42643      0.015811181
       401.44144      0.015638480
       401.45646      0.015467135
       401.47147      0.015297084
       401.48649      0.015128387
       401.50150      0.014959050
       401.51652      0.014773112
       401.53153      0.014588270
       401.54655      0.014404475
       401.56156      0.014221745
       401.57658      0.014040110
       401.59159      0.013859548
       401.60661      0.013680078
       401.62162      0.013501702
       401.63664      0.013315834
       401.65165      0.013120307
       401.66667      0.012925886
       401.68168      0.012732614
       401.69670      0.012540485
       401.71171      0.012349537
       401.72673      0.012159760
       401.74174      0.011971141
       401.75676      0.011783701
       401.77177      0.011594436
       401.78679      0.011405589
       401.80180      0.011218096
       401.81682      0.011031914
       401.83183      0.010847066
       401.84685      0.010663539
       401.86186      0.010481355
       401.87688      0.010300594
       401.89189      0.010121123
       401.90691     0.0099430836
       401.92192     0.0097664350
       401.93694     0.0095911659
       401.95195     0.0094172959
       401.96697     0.0092448440
       401.98198     0.0090738601
       401.99700     0.0089042423
       402.01201     0.0087361296
       402.02703     0.0085389008
       402.04204     0.0083126260
       402.05706     0.0080936163
       402.07207     0.0078818890
       402.08709     0.0076775481
       402.10210     0.0074805456
       402.11712     0.0072910340
       402.13213     0.0071090438
       402.14715     0.0069345761
       402.16216     0.0068931408
       402.17718     0.0068831872
       402.19219     0.0068745292
       402.20721     0.0068670321
       402.22222     0.0068605888
       402.23724     0.0068550442
       402.25225     0.0068503110
       402.26727     0.0068462185
       402.28228     0.0068409945
       402.29730     0.0068264924
       402.31231     0.0068121113
       402.32733     0.0067978081
       402.34234     0.0067835571
       402.35736     0.0067693220
       402.37237     0.0067550996
       402.38739     0.0067408767
       402.40240     0.0067266595
       402.41742     0.0067158368
       402.43243     0.0067084270
       402.44745     0.0067009472
       402.46246     0.0066934543
       402.47748     0.0066860010
       402.49249     0.0066786452
       402.50751     0.0066714408
       402.52252     0.0066644635
       402.53754     0.0066577829
       402.55255     0.0066517447
       402.56757     0.0066474951
       402.58258     0.0066436443
       402.59760     0.0066402318
       402.61261     0.0066373390
       402.62763     0.0066349683
       402.64264     0.0066331806
       402.65766     0.0066319924
       402.67267     0.0066328620
       402.68769     0.0066410559
       402.70270     0.0066498478
       402.71772     0.0066592167
       402.73273     0.0066691480
       402.74775     0.0066796157
       402.76276     0.0066905729
       402.77778     0.0067019929
       402.79279     0.0067138014
       402.80781     0.0067259565
       402.82282     0.0067365906
       402.83784     0.0067470193
       402.85285     0.0067574588
       402.86787     0.0067678770
       402.88288     0.0067782051
       402.89790     0.0067883763
       402.91291     0.0067983427
       402.92793     0.0068080533
       402.94294     0.0068297357
       402.95796     0.0068528384
       402.97297     0.0068752980
       402.98799     0.0068971050
       403.00300     0.0069182369
       403.01802     0.0069386718
       403.03303     0.0069583939
       403.04805     0.0069774569
       403.06306     0.0069958156
       403.07808     0.0070135105
       403.09309     0.0070305869
       403.10811     0.0070470701
       403.12312     0.0070630002
       403.13814     0.0070784221
       403.15315     0.0070933849
       403.16817     0.0071079049
       403.18318     0.0071220818
       403.19820     0.0071359628
       403.21321     0.0071731604
       403.22823     0.0072131180
       403.24324     0.0072527769
       403.25826     0.0072921922
       403.27327     0.0073314776
       403.28829     0.0073707506
       403.30330     0.0074100475
       403.31832     0.0074494511
       403.33333     0.0074949437
       403.34835     0.0075623823
       403.36336     0.0076314161
       403.37838     0.0077019611
       403.39339     0.0077738988
       403.40841     0.0078471351
       403.42342     0.0079215598
       403.43844     0.0079971312
       403.45345     0.0080737876
       403.46847     0.0080957193
       403.48348     0.0080751907
       403.49850     0.0080551525
       403.51351     0.0080355996
       403.52853     0.0080165274
       403.54354     0.0079979271
       403.55856     0.0079797980
       403.57357     0.0079621357
       403.58859     0.0079449317
       403.60360     0.0079449891
       403.61862     0.0079471816
       403.63363     0.0079497713
       403.64865     0.0079527339
       403.66366     0.0079560639
       403.67868     0.0079597756
       403.69369     0.0079638445
       403.70871     0.0079682755
       403.72372     0.0079697301
       403.73874     0.0079615428
       403.75375     0.0079538680
       403.76877     0.0079467408
       403.78378     0.0079401166
       403.79880     0.0079340318
       403.81381     0.0079284408
       403.82883     0.0079233596
       403.84384     0.0079187840
       403.85886     0.0079147094
       403.87387     0.0079111315
       403.88889     0.0079080460
       403.90390     0.0079054253
       403.91892     0.0079033176
       403.93393     0.0079016587
       403.94895     0.0079004982
       403.96396     0.0078997837
       403.97898     0.0078995347
       403.99399     0.0078997720
       404.00901     0.0079004413
       404.02402     0.0079015632
       404.03904     0.0079031136
       404.05405     0.0079051273
       404.06907     0.0079075807
       404.08408     0.0079104425
       404.09910     0.0079137620
       404.11411     0.0079122818
       404.12913     0.0078975647
       404.14414     0.0078834749
       404.15916     0.0078700059
       404.17417     0.0078571544
       404.18919     0.0078449275
       404.20420     0.0078333177
       404.21922     0.0078223156
       404.23423     0.0078119241
       404.24925     0.0078021345
       404.26426     0.0077709568
       404.27928     0.0077391788
       404.29429     0.0077079417
       404.30931     0.0076772489
       404.32432     0.0076470992
       404.33934     0.0076174971
       404.35435     0.0075884302
       404.36937     0.0075599032
       404.38438     0.0075319201
       404.39940     0.0075044692
       404.41441     0.0074775546
       404.42943     0.0074511754
       404.44444     0.0074253353
       404.45946     0.0074000220
       404.47447     0.0073752421
       404.48949     0.0073509961
       404.50450     0.0073272749
       404.51952     0.0072951919
       404.53453     0.0072583949
       404.54955     0.0072219820
       404.56456     0.0071859570
       404.57958     0.0071503234
       404.59459     0.0071150713
       404.60961     0.0070802044
       404.62462     0.0070457304
       404.63964     0.0070116308
       404.65465     0.0069779178
       404.66967     0.0069445901
       404.68468     0.0069116386
       404.69970     0.0068790707
       404.71471     0.0068468772
       404.72973     0.0068150614
       404.74474     0.0067836297
       404.75976     0.0067525665
       404.77477     0.0067218852
       404.78979     0.0066867702
       404.80480     0.0066494089
       404.81982     0.0066123211
       404.83483     0.0065755362
       404.84985     0.0065390435
       404.86486     0.0065028347
       404.87988     0.0064669162
       404.89489     0.0064312797
       404.90991     0.0063959438
       404.92492     0.0063608756
       404.93994     0.0063260938
       404.95495     0.0062916022
       404.96997     0.0062573829
       404.98498     0.0062234519
       405.00000     0.0061897915
