;   
;  IMD Data
;   
;  Saved on Fri Aug 11 10:24:42 2023
;   
;  Structure: 
;   
;  [Sc/Cr2N] multilayer, N=300, d=1.56 nm, Gamma=0.570
;      Sc layer (1), z=0.89 nm
;      Cr2N layer (2), rho=6.800 g/cm3, z=0.67 nm
;  Si substrate
;   
;  
;   
;  Theta=0.000 deg
;   
;  E [eV] 	R
       390.00000     0.0029853957
       390.01502     0.0031228038
       390.03003     0.0032591234
       390.04505     0.0033935155
       390.06006     0.0035254255
       390.07508     0.0036540267
       390.09009     0.0037787153
       390.10511     0.0038989027
       390.12012     0.0040138118
       390.13514     0.0041228975
       390.15015     0.0042256367
       390.16517     0.0043213404
       390.18018     0.0044095518
       390.19520     0.0044898423
       390.21021     0.0045616450
       390.22523     0.0046246166
       390.24024     0.0046784495
       390.25526     0.0047227281
       390.27027     0.0047572428
       390.28529     0.0047817847
       390.30030     0.0047962359
       390.31532     0.0048004143
       390.33033     0.0047943174
       390.34535     0.0047779528
       390.36036     0.0047514142
       390.37538     0.0047147749
       390.39039     0.0046682455
       390.40541     0.0046120657
       390.42042     0.0045465340
       390.43544     0.0044720030
       390.45045     0.0043888648
       390.46547     0.0042975871
       390.48048     0.0041986782
       390.49550     0.0040926977
       390.51051     0.0039802428
       390.52553     0.0038619490
       390.54054     0.0037385261
       390.55556     0.0036106867
       390.57057     0.0034791902
       390.58559     0.0033448164
       390.60060     0.0032083799
       390.61562     0.0030707140
       390.63063     0.0029326688
       390.64565     0.0027951073
       390.66066     0.0026588733
       390.67568     0.0025248980
       390.69069     0.0023940217
       390.70571     0.0022671136
       390.72072     0.0021450286
       390.73574     0.0020286053
       390.75075     0.0019186612
       390.76577     0.0018159898
       390.78078     0.0017213468
       390.79580     0.0016354596
       390.81081     0.0015590130
       390.82583     0.0014926472
       390.84084     0.0014369554
       390.85586     0.0013924733
       390.87087     0.0013596855
       390.88589     0.0013390148
       390.90090     0.0013308127
       390.91592     0.0013353870
       390.93093     0.0013529581
       390.94595     0.0013836830
       390.96096     0.0014276458
       390.97598     0.0014848577
       390.99099     0.0015552554
       391.00601     0.0016387013
       391.02102     0.0017349834
       391.03604     0.0018438154
       391.05105     0.0019647803
       391.06607     0.0020975564
       391.08108     0.0022415888
       391.09610     0.0023963089
       391.11111     0.0025610805
       391.12613     0.0027352053
       391.14114     0.0029178411
       391.15616     0.0031083395
       391.17117     0.0033057576
       391.18619     0.0035091828
       391.20120     0.0037175619
       391.21622     0.0039300990
       391.23123     0.0041456743
       391.24625     0.0043632365
       391.26126     0.0045817164
       391.27628     0.0047999165
       391.29129     0.0050169583
       391.30631     0.0052316343
       391.32132     0.0054427351
       391.33634     0.0056493970
       391.35135     0.0058504342
       391.36637     0.0060446851
       391.38138     0.0062313436
       391.39640     0.0064093066
       391.41141     0.0065776192
       391.42643     0.0067352704
       391.44144     0.0068816037
       391.45646     0.0070156146
       391.47147     0.0071367492
       391.48649     0.0072442281
       391.50150     0.0073373533
       391.51652     0.0074157537
       391.53153     0.0074788781
       391.54655     0.0075262739
       391.56156     0.0075577817
       391.57658     0.0075730516
       391.59159     0.0075720752
       391.60661     0.0075547058
       391.62162     0.0075231473
       391.63664     0.0074752372
       391.65165     0.0074105245
       391.66667     0.0073293374
       391.68168     0.0072321051
       391.69670     0.0071193924
       391.71171     0.0069918213
       391.72673     0.0068501313
       391.74174     0.0066951449
       391.75676     0.0065277998
       391.77177     0.0063490869
       391.78679     0.0061601072
       391.80180     0.0059620610
       391.81682     0.0057561422
       391.83183     0.0055436879
       391.84685     0.0053261035
       391.86186     0.0051047567
       391.87688     0.0048811507
       391.89189     0.0046568349
       391.90691     0.0044332864
       391.92192     0.0042121339
       391.93694     0.0039948864
       391.95195     0.0037831634
       391.96697     0.0035785782
       391.98198     0.0033826205
       391.99700     0.0031969009
       392.01201     0.0030228783
       392.02703     0.0028619884
       392.04204     0.0027156928
       392.05706     0.0025852844
       392.07207     0.0024720790
       392.08709     0.0023772254
       392.10210     0.0023018513
       392.11712     0.0022469422
       392.13213     0.0022133986
       392.14715     0.0022019976
       392.16216     0.0022133981
       392.17718     0.0022481375
       392.19219     0.0023066529
       392.20721     0.0023891561
       392.22222     0.0024958022
       392.23724     0.0026265784
       392.25225     0.0027813894
       392.26727     0.0029598177
       392.28228     0.0031614692
       392.29730     0.0033857509
       392.31231     0.0036319254
       392.32733     0.0038991180
       392.34234     0.0041863137
       392.35736     0.0044923657
       392.37237     0.0048159997
       392.38739     0.0051559426
       392.40240     0.0055104458
       392.41742     0.0058780095
       392.43243     0.0062569196
       392.44745     0.0066452285
       392.46246     0.0070413400
       392.47748     0.0074431612
       392.49249     0.0078486885
       392.50751     0.0082558654
       392.52252     0.0086626023
       392.53754     0.0090667874
       392.55255     0.0094662961
       392.56757     0.0098590106
       392.58258      0.010242662
       392.59760      0.010615491
       392.61261      0.010975295
       392.62763      0.011320083
       392.64264      0.011647927
       392.65766      0.011956827
       392.67267      0.012245315
       392.68769      0.012511571
       392.70270      0.012753902
       392.71772      0.012971137
       392.73273      0.013161823
       392.74775      0.013324672
       392.76276      0.013458886
       392.77778      0.013563469
       392.79279      0.013637623
       392.80781      0.013680980
       392.82282      0.013693004
       392.83784      0.013673653
       392.85285      0.013622784
       392.86787      0.013540694
       392.88288      0.013427645
       392.89790      0.013284274
       392.91291      0.013111273
       392.92793      0.012909621
       392.94294      0.012680426
       392.95796      0.012425016
       392.97297      0.012144891
       392.98799      0.011841737
       393.00300      0.011517372
       393.01802      0.011173881
       393.03303      0.010813425
       393.04805      0.010438268
       393.06306      0.010050992
       393.07808     0.0096541529
       393.09309     0.0092504709
       393.10811     0.0088427096
       393.12312     0.0084339056
       393.13814     0.0080269910
       393.15315     0.0076250155
       393.16817     0.0072310708
       393.18318     0.0068482019
       393.19820     0.0064796748
       393.21321     0.0061285320
       393.22823     0.0057978346
       393.24324     0.0054906120
       393.25826     0.0052098125
       393.27327     0.0049582910
       393.28829     0.0047387879
       393.30330     0.0045539138
       393.31832     0.0044061109
       393.33333     0.0042976619
       393.34835     0.0042306526
       393.36336     0.0042069581
       393.37838     0.0042282283
       393.39339     0.0042958641
       393.40841     0.0044110159
       393.42342     0.0045745619
       393.43844     0.0047870063
       393.45345     0.0050488249
       393.46847     0.0053599485
       393.48348     0.0057200815
       393.49850     0.0061286207
       393.51351     0.0065846540
       393.52853     0.0070867743
       393.54354     0.0076338112
       393.55856     0.0082237735
       393.57357     0.0088545394
       393.58859     0.0095234601
       393.60360      0.010228338
       393.61862      0.010966002
       393.63363      0.011732998
       393.64865      0.012526471
       393.66366      0.013342227
       393.67868      0.014177062
       393.69369      0.015026704
       393.70871      0.015886712
       393.72372      0.016753491
       393.73874      0.017622041
       393.75375      0.018488621
       393.76877      0.019348091
       393.78378      0.020196648
       393.79880      0.021029133
       393.81381      0.021841777
       393.82883      0.022629502
       393.84384      0.023388668
       393.85886      0.024133500
       393.87387      0.024853227
       393.88889      0.025529689
       393.90390      0.026158504
       393.91892      0.026736237
       393.93393      0.027258976
       393.94895      0.027723323
       393.96396      0.028126000
       393.97898      0.028464634
       393.99399      0.028736443
       394.00901      0.028939717
       394.02402      0.029072631
       394.03904      0.029133808
       394.05405      0.029122583
       394.06907      0.029038661
       394.08408      0.028881952
       394.09910      0.028653165
       394.11411      0.028353218
       394.12913      0.027983721
       394.14414      0.027546711
       394.15916      0.027044740
       394.17417      0.026480900
       394.18919      0.025858746
       394.20420      0.025181847
       394.21922      0.024454679
       394.23423      0.023683062
       394.24925      0.022872592
       394.26426      0.022029344
       394.27928      0.021159852
       394.29429      0.020271161
       394.30931      0.019370653
       394.32432      0.018466092
       394.33934      0.017565657
       394.35435      0.016677899
       394.36937      0.015811201
       394.38438      0.014974647
       394.39940      0.014177245
       394.41441      0.013428174
       394.42943      0.012736687
       394.44444      0.012111669
       394.45946      0.011562284
       394.47447      0.011097394
       394.48949      0.010725426
       394.50450      0.010454667
       394.51952      0.010292885
       394.53453      0.010247339
       394.54955      0.010324787
       394.56456      0.010531154
       394.57958      0.010871925
       394.59459      0.011351346
       394.60961      0.011973159
       394.62462      0.012740320
       394.63964      0.013654097
       394.65465      0.014715407
       394.66967      0.015924281
       394.68468      0.017278611
       394.69970      0.018776200
       394.71471      0.020413450
       394.72973      0.022185684
       394.74474      0.024087109
       394.75976      0.026110926
       394.77477      0.028249335
       394.78979      0.030493519
       394.80480      0.032833805
       394.81982      0.035259673
       394.83483      0.037759771
       394.84985      0.040322100
       394.86486      0.042934033
       394.87988      0.045582351
       394.89489      0.048252616
       394.90991      0.050932455
       394.92492      0.053606746
       394.93994      0.056261023
       394.95495      0.058879882
       394.96997      0.061450353
       394.98498      0.063957078
       395.00000      0.066384863
       395.01502      0.068721140
       395.03003      0.070950471
       395.04505      0.073060908
       395.06006      0.075037915
       395.07508      0.076870417
       395.09009      0.078545094
       395.10511      0.080082877
       395.12012      0.081492741
       395.13514      0.082699333
       395.15015      0.083691349
       395.16517      0.084460369
       395.18018      0.084998564
       395.19520      0.085299520
       395.21021      0.085358466
       395.22523      0.085171367
       395.24024      0.084736937
       395.25526      0.084055359
       395.27027      0.083128867
       395.28529      0.081962077
       395.30030      0.080561924
       395.31532      0.078937994
       395.33033      0.077103191
       395.34535      0.075072599
       395.36036      0.072865365
       395.37538      0.070504171
       395.39039      0.068015817
       395.40541      0.065429722
       395.42042      0.062781035
       395.43544      0.060109156
       395.45045      0.057456307
       395.46547      0.054871401
       395.48048      0.052405440
       395.49550      0.050115567
       395.51051      0.048061401
       395.52553      0.046305996
       395.54054      0.044916009
       395.55556      0.043959164
       395.57057      0.043504474
       395.58559      0.043620518
       395.60060      0.044374429
       395.61562      0.045830435
       395.63063      0.048048195
       395.64565      0.051081325
       395.66066      0.054975774
       395.67568      0.059768396
       395.69069      0.065485550
       395.70571      0.072142087
       395.72072      0.079740532
       395.73574      0.088270476
       395.75075      0.097708717
       395.76577       0.10801599
       395.78078       0.11915123
       395.79580       0.13105275
       395.81081       0.14364850
       395.82583       0.15687091
       395.84084       0.17063440
       395.85586       0.18484863
       395.87087       0.19943496
       395.88589       0.21429578
       395.90090       0.22935423
       395.91592       0.24451644
       395.93093       0.25970782
       395.94595       0.27485913
       395.96096       0.28989173
       395.97598       0.30474892
       395.99099       0.31937579
       396.00601       0.33372897
       396.02102       0.34775765
       396.03604       0.36143223
       396.05105       0.37472443
       396.06607       0.38761197
       396.08108       0.40007801
       396.09610       0.41211050
       396.11111       0.42374179
       396.12613       0.43542957
       396.14114       0.44662885
       396.15616       0.45734283
       396.17117       0.46757759
       396.18619       0.47734002
       396.20120       0.48664378
       396.21622       0.49549779
       396.23123       0.50391814
       396.24625       0.51191600
       396.26126       0.51950742
       396.27628       0.52670736
       396.29129       0.53353091
       396.30631       0.53999318
       396.32132       0.54610810
       396.33634       0.55189256
       396.35135       0.55735888
       396.36637       0.56252306
       396.38138       0.56739677
       396.39640       0.57199404
       396.41141       0.57632748
       396.42643       0.58040911
       396.44144       0.58425045
       396.45646       0.58786253
       396.47147       0.59125578
       396.48649       0.59444015
       396.50150       0.59749545
       396.51652       0.60037042
       396.53153       0.60305036
       396.54655       0.60554385
       396.56156       0.60786064
       396.57658       0.61000762
       396.59159       0.61199302
       396.60661       0.61382392
       396.62162       0.61550702
       396.63664       0.61704854
       396.65165       0.61845441
       396.66667       0.61973010
       396.68168       0.62088034
       396.69670       0.62191078
       396.71171       0.62282513
       396.72673       0.62362793
       396.74174       0.62432344
       396.75676       0.62491463
       396.77177       0.62540518
       396.78679       0.62579828
       396.80180       0.62609681
       396.81682       0.62630318
       396.83183       0.62642042
       396.84685       0.62645055
       396.86186       0.62639540
       396.87688       0.62625721
       396.89189       0.62599980
       396.90691       0.62564987
       396.92192       0.62521883
       396.93694       0.62470814
       396.95195       0.62411921
       396.96697       0.62345310
       396.98198       0.62271089
       396.99700       0.62189343
       397.01201       0.62100145
       397.02703       0.62003548
       397.04204       0.61899606
       397.05706       0.61788342
       397.07207       0.61669777
       397.08709       0.61543921
       397.10210       0.61410767
       397.11712       0.61270290
       397.13213       0.61114186
       397.14715       0.60948650
       397.16216       0.60775574
       397.17718       0.60594906
       397.19219       0.60406554
       397.20721       0.60210428
       397.22222       0.60006434
       397.23724       0.59794441
       397.25225       0.59574318
       397.26727       0.59333189
       397.28228       0.59070377
       397.29730       0.58799381
       397.31231       0.58520026
       397.32733       0.58232081
       397.34234       0.57935323
       397.35736       0.57629500
       397.37237       0.57314374
       397.38739       0.56985032
       397.40240       0.56640834
       397.41742       0.56286178
       397.43243       0.55920684
       397.44745       0.55544049
       397.46246       0.55155877
       397.47748       0.54755790
       397.49249       0.54343384
       397.50751       0.53918229
       397.52252       0.53416268
       397.53754       0.52889753
       397.55255       0.52350905
       397.56757       0.51799203
       397.58258       0.51234153
       397.59760       0.50655263
       397.61261       0.50061925
       397.62763       0.49453720
       397.64264       0.48819328
       397.65766       0.48119891
       397.67267       0.47405793
       397.68769       0.46676530
       397.70270       0.45931640
       397.71772       0.45170754
       397.73273       0.44393489
       397.74775       0.43599525
       397.76276       0.42788667
       397.77778       0.41927981
       397.79279       0.41022613
       397.80781       0.40103866
       397.82282       0.39172224
       397.83784       0.38227853
       397.85285       0.37271498
       397.86787       0.36304146
       397.88288       0.35326648
       397.89790       0.34340201
       397.91291       0.33346296
       397.92793       0.32346591
       397.94294       0.31342980
       397.95796       0.30337799
       397.97297       0.29333195
       397.98799       0.28332023
       398.00300       0.27337090
       398.01802       0.26351447
       398.03303       0.25350783
       398.04805       0.24371604
       398.06306       0.23421596
       398.07808       0.22503482
       398.09309       0.21619906
       398.10811       0.20773307
       398.12312       0.19965698
       398.13814       0.19198885
       398.15315       0.18474424
       398.16817       0.17793375
       398.18318       0.17156430
       398.19820       0.16563729
       398.21321       0.16015170
       398.22823       0.15510143
       398.24324       0.15047572
       398.25826       0.14626083
       398.27327       0.14245794
       398.28829       0.13907316
       398.30330       0.13600368
       398.31832       0.13322749
       398.33333       0.13072147
       398.34835       0.12846208
       398.36336       0.12642504
       398.37838       0.12458611
       398.39339       0.12292166
       398.40841       0.12140699
       398.42342       0.12002820
       398.43844       0.11876807
       398.45345       0.11760670
       398.46847       0.11652522
       398.48348       0.11550610
       398.49850       0.11453292
       398.51351       0.11359062
       398.52853       0.11266575
       398.54354       0.11174912
       398.55856       0.11083541
       398.57357       0.10990448
       398.58859       0.10894807
       398.60360       0.10798162
       398.61862       0.10703699
       398.63363       0.10603170
       398.64865       0.10496151
       398.66366       0.10382406
       398.67868       0.10261881
       398.69369       0.10134682
       398.70871       0.10001044
       398.72372      0.098613581
       398.73874      0.097160862
       398.75375      0.095658162
       398.76877      0.094112067
       398.78378      0.092529701
       398.79880      0.090918667
       398.81381      0.089062957
       398.82883      0.087231186
       398.84384      0.085450652
       398.85886      0.083725704
       398.87387      0.082059949
       398.88889      0.080455872
       398.90390      0.078915459
       398.91892      0.077485880
       398.93393      0.076137404
       398.94895      0.074835028
       398.96396      0.073579328
       398.97898      0.072370237
       398.99399      0.071207816
       399.00901      0.070091520
       399.02402      0.069020632
       399.03904      0.067994354
       399.05405      0.067011555
       399.06907      0.066070938
       399.08408      0.065171191
       399.09910      0.064310750
       399.11411      0.063487937
       399.12913      0.062701168
       399.14414      0.061948607
       399.15916      0.061228448
       399.17417      0.060538953
       399.18919      0.059878271
       399.20420      0.059244564
       399.21922      0.058636119
       399.23423      0.058051159
       399.24925      0.057487956
       399.26426      0.056944888
       399.27928      0.056420428
       399.29429      0.055912957
       399.30931      0.055419557
       399.32432      0.054938518
       399.33934      0.054469386
       399.35435      0.054011140
       399.36937      0.053562760
       399.38438      0.053123311
       399.39940      0.052692049
       399.41441      0.052268201
       399.42943      0.051851167
       399.44444      0.051396419
       399.45946      0.050945728
       399.47447      0.050500679
       399.48949      0.050061073
       399.50450      0.049626741
       399.51952      0.049197607
       399.53453      0.048773540
       399.54955      0.048354439
       399.56456      0.047946953
       399.57958      0.047559328
       399.59459      0.047176051
       399.60961      0.046797069
       399.62462      0.046422284
       399.63964      0.046051615
       399.65465      0.045685057
       399.66967      0.045322560
       399.68468      0.044976962
       399.69970      0.044662818
       399.71471      0.044351292
       399.72973      0.044042269
       399.74474      0.043735664
       399.75976      0.043431472
       399.77477      0.043129658
       399.78979      0.042830180
       399.80480      0.042533151
       399.81982      0.042238540
       399.83483      0.041946408
       399.84985      0.041656857
       399.86486      0.041369944
       399.87988      0.041085734
       399.89489      0.040804324
       399.90991      0.040525842
       399.92492      0.040250311
       399.93994      0.039977884
       399.95495      0.039697989
       399.96997      0.039407055
       399.98498      0.039130076
       400.00000      0.038866492
       400.01502      0.038615776
       400.03003      0.038377517
       400.04505      0.038151282
       400.06006      0.037936652
       400.07508      0.037680890
       400.09009      0.037328505
       400.10511      0.036979771
       400.12012      0.036634678
       400.13514      0.036293189
       400.15015      0.035955266
       400.16517      0.035620936
       400.18018      0.035290144
       400.19520      0.034962856
       400.21021      0.034656687
       400.22523      0.034361869
       400.24024      0.034070048
       400.25526      0.033781203
       400.27027      0.033495291
       400.28529      0.033212273
       400.30030      0.032932148
       400.31532      0.032654897
       400.33033      0.032380437
       400.34535      0.032108809
       400.36036      0.031839955
       400.37538      0.031573833
       400.39039      0.031310444
       400.40541      0.031049749
       400.42042      0.030791730
       400.43544      0.030536345
       400.45045      0.030283597
       400.46547      0.030040590
       400.48048      0.029812869
       400.49550      0.029587935
       400.51051      0.029365745
       400.52553      0.029146289
       400.54054      0.028929526
       400.55556      0.028715412
       400.57057      0.028503939
       400.58559      0.028293474
       400.60060      0.028085272
       400.61562      0.027879646
       400.63063      0.027676580
       400.64565      0.027476014
       400.66066      0.027277948
       400.67568      0.027082339
       400.69069      0.026889147
       400.70571      0.026698389
       400.72072      0.026509981
       400.73574      0.026323919
       400.75075      0.026140176
       400.76577      0.025958725
       400.78078      0.025779540
       400.79580      0.025602595
       400.81081      0.025427865
       400.82583      0.025255346
       400.84084      0.025084971
       400.85586      0.024916740
       400.87087      0.024750622
       400.88589      0.024586597
       400.90090      0.024424643
       400.91592      0.024264734
       400.93093      0.024106849
       400.94595      0.023950983
       400.96096      0.023797078
       400.97598      0.023645129
       400.99099      0.023495114
       401.00601      0.023347014
       401.02102      0.023200808
       401.03604      0.023056474
       401.05105      0.022913993
       401.06607      0.022773361
       401.08108      0.022634526
       401.09610      0.022497483
       401.11111      0.022359013
       401.12613      0.022182315
       401.14114      0.022007816
       401.15616      0.021835517
       401.17117      0.021665399
       401.18619      0.021497470
       401.20120      0.021331688
       401.21622      0.021168069
       401.23123      0.021006597
       401.24625      0.020836197
       401.26126      0.020652215
       401.27628      0.020470057
       401.29129      0.020289717
       401.30631      0.020111204
       401.32132      0.019934495
       401.33634      0.019759585
       401.35135      0.019586468
       401.36637      0.019415151
       401.38138      0.019209465
       401.39640      0.018994072
       401.41141      0.018780550
       401.42643      0.018568868
       401.44144      0.018359053
       401.45646      0.018151122
       401.47147      0.017945032
       401.48649      0.017740835
       401.50150      0.017535686
       401.51652      0.017306838
       401.53153      0.017079551
       401.54655      0.016853810
       401.56156      0.016629592
       401.57658      0.016406944
       401.59159      0.016185837
       401.60661      0.015966276
       401.62162      0.015748292
       401.63664      0.015520795
       401.65165      0.015281019
       401.66667      0.015042857
       401.68168      0.014806371
       401.69670      0.014571544
       401.71171      0.014338421
       401.72673      0.014106974
       401.74174      0.013877210
       401.75676      0.013649139
       401.77177      0.013417807
       401.78679      0.013186870
       401.80180      0.012957832
       401.81682      0.012730634
       401.83183      0.012505285
       401.84685      0.012281794
       401.86186      0.012060170
       401.87688      0.011840497
       401.89189      0.011622632
       401.90691      0.011406736
       401.92192      0.011192739
       401.93694      0.010980652
       401.95195      0.010770490
       401.96697      0.010562243
       401.98198      0.010356004
       401.99700      0.010151630
       402.01201     0.0099492783
       402.02703     0.0097053148
       402.04204     0.0094191420
       402.05706     0.0091423053
       402.07207     0.0088748082
       402.08709     0.0086167402
       402.10210     0.0083680533
       402.11712     0.0081288997
       402.13213     0.0078993193
       402.14715     0.0076792596
       402.16216     0.0076244615
       402.17718     0.0076087259
       402.19219     0.0075945601
       402.20721     0.0075817856
       402.22222     0.0075702408
       402.23724     0.0075597497
       402.25225     0.0075501705
       402.26727     0.0075413206
       402.28228     0.0075313620
       402.29730     0.0075120030
       402.31231     0.0074927192
       402.32733     0.0074734734
       402.34234     0.0074542340
       402.35736     0.0074349941
       402.37237     0.0074157432
       402.38739     0.0073965046
       402.40240     0.0073772828
       402.41742     0.0073624634
       402.43243     0.0073520853
       402.44745     0.0073417169
       402.46246     0.0073314327
       402.47748     0.0073213266
       402.49249     0.0073114986
       402.50751     0.0073020106
       402.52252     0.0072929908
       402.53754     0.0072845161
       402.55255     0.0072772257
       402.56757     0.0072731458
       402.58258     0.0072697345
       402.59760     0.0072670530
       402.61261     0.0072651745
       402.62763     0.0072641238
       402.64264     0.0072639459
       402.65766     0.0072646662
       402.67267     0.0072680945
       402.68769     0.0072806826
       402.70270     0.0072941407
       402.71772     0.0073084390
       402.73273     0.0073235201
       402.74775     0.0073393450
       402.76276     0.0073558493
       402.77778     0.0073729582
       402.79279     0.0073905804
       402.80781     0.0074086408
       402.82282     0.0074252504
       402.83784     0.0074416311
       402.85285     0.0074579690
       402.86787     0.0074741891
       402.88288     0.0074902065
       402.89790     0.0075059391
       402.91291     0.0075213045
       402.92793     0.0075362281
       402.94294     0.0075657317
       402.95796     0.0075968458
       402.97297     0.0076270112
       402.98799     0.0076562262
       403.00300     0.0076844648
       403.01802     0.0077117143
       403.03303     0.0077379465
       403.04805     0.0077632295
       403.06306     0.0077875244
       403.07808     0.0078109011
       403.09309     0.0078334045
       403.10811     0.0078550887
       403.12312     0.0078760156
       403.13814     0.0078962543
       403.15315     0.0079158791
       403.16817     0.0079349359
       403.18318     0.0079535395
       403.19820     0.0079717805
       403.21321     0.0080179706
       403.22823     0.0080675293
       403.24324     0.0081168181
       403.25826     0.0081659370
       403.27327     0.0082150236
       403.28829     0.0082642492
       403.30330     0.0083136736
       403.31832     0.0083634175
       403.33333     0.0084221622
       403.34835     0.0085126522
       403.36336     0.0086051360
       403.37838     0.0086994727
       403.39339     0.0087955122
       403.40841     0.0088931263
       403.42342     0.0089921681
       403.43844     0.0090925864
       403.45345     0.0091942859
       403.46847     0.0092270530
       403.48348     0.0092063505
       403.49850     0.0091862265
       403.51351     0.0091666746
       403.52853     0.0091476883
       403.54354     0.0091292560
       403.55856     0.0091113839
       403.57357     0.0090940530
       403.58859     0.0090772587
       403.60360     0.0090818572
       403.61862     0.0090890626
       403.63363     0.0090967185
       403.64865     0.0091047940
       403.66366     0.0091132826
       403.67868     0.0091222097
       403.69369     0.0091315316
       403.70871     0.0091412617
       403.72372     0.0091473509
       403.73874     0.0091417234
       403.75375     0.0091366974
       403.76877     0.0091323204
       403.78378     0.0091285341
       403.79880     0.0091253936
       403.81381     0.0091228268
       403.82883     0.0091208619
       403.84384     0.0091194940
       403.85886     0.0091187179
       403.87387     0.0091185285
       403.88889     0.0091189208
       403.90390     0.0091198591
       403.91892     0.0091214047
       403.93393     0.0091234794
       403.94895     0.0091261462
       403.96396     0.0091293369
       403.97898     0.0091330778
       403.99399     0.0091373964
       404.00901     0.0091422224
       404.02402     0.0091475832
       404.03904     0.0091534452
       404.05405     0.0091598596
       404.06907     0.0091667935
       404.08408     0.0091742066
       404.09910     0.0091821636
       404.11411     0.0091842766
       404.12913     0.0091703082
       404.14414     0.0091571150
       404.15916     0.0091446851
       404.17417     0.0091330036
       404.18919     0.0091220856
       404.20420     0.0091119132
       404.21922     0.0091024895
       404.23423     0.0090938105
       404.24925     0.0090858645
       404.26426     0.0090512241
       404.27928     0.0090158350
       404.29429     0.0089811226
       404.30931     0.0089470900
       404.32432     0.0089137356
       404.33934     0.0088810565
       404.35435     0.0088490532
       404.36937     0.0088177214
       404.38438     0.0087870626
       404.39940     0.0087570715
       404.41441     0.0087277482
       404.42943     0.0086990956
       404.44444     0.0086711029
       404.45946     0.0086437698
       404.47447     0.0086171009
       404.48949     0.0085910878
       404.50450     0.0085657321
       404.51952     0.0085296676
       404.53453     0.0084875589
       404.54955     0.0084459434
       404.56456     0.0084048114
       404.57958     0.0083641657
       404.59459     0.0083240050
       404.60961     0.0082843280
       404.62462     0.0082451373
       404.63964     0.0082064234
       404.65465     0.0081681928
       404.66967     0.0081304442
       404.68468     0.0080931682
       404.69970     0.0080563675
       404.71471     0.0080200408
       404.72973     0.0079841868
       404.74474     0.0079488070
       404.75976     0.0079138944
       404.77477     0.0078794531
       404.78979     0.0078391713
       404.80480     0.0077959107
       404.81982     0.0077530004
       404.83483     0.0077104680
       404.84985     0.0076682975
       404.86486     0.0076264876
       404.87988     0.0075850370
       404.89489     0.0075439444
       404.90991     0.0075032249
       404.92492     0.0074628441
       404.93994     0.0074228172
       404.95495     0.0073831556
       404.96997     0.0073438326
       404.98498     0.0073048719
       405.00000     0.0072662477
