;   
;  IMD Data
;   
;  Saved on Wed Aug 16 12:08:24 2023
;   
;  Structure: 
;   
;  [Sc/Cr2N] multilayer, N=300, d=1.56 nm, Gamma=0.570
;      Sc layer (1), z=0.89 nm, sigma[Cr2N/Sc]=0.20 nm
;      Cr2N layer (2), rho=6.800 g/cm3, z=0.67 nm, sigma=0.20 nm
;  Si substrate
;   
;  
;   
;  Theta=0.000 deg
;   
;  E [eV] 	R
       390.00000     0.0015057382
       390.01502     0.0015786298
       390.03003     0.0016514014
       390.04505     0.0017236129
       390.06006     0.0017949694
       390.07508     0.0018650314
       390.09009     0.0019334733
       390.10511     0.0019999756
       390.12012     0.0020641164
       390.13514     0.0021255936
       390.15015     0.0021841155
       390.16517     0.0022392979
       390.18018     0.0022908790
       390.19520     0.0023386105
       390.21021     0.0023821650
       390.22523     0.0024213350
       390.24024     0.0024559307
       390.25526     0.0024856979
       390.27027     0.0025104955
       390.28529     0.0025301794
       390.30030     0.0025446546
       390.31532     0.0025537844
       390.33033     0.0025575329
       390.34535     0.0025558668
       390.36036     0.0025488006
       390.37538     0.0025363292
       390.39039     0.0025185285
       390.40541     0.0024954869
       390.42042     0.0024673244
       390.43544     0.0024341930
       390.45045     0.0023962571
       390.46547     0.0023537309
       390.48048     0.0023068483
       390.49550     0.0022558714
       390.51051     0.0022010834
       390.52553     0.0021427923
       390.54054     0.0020813384
       390.55556     0.0020170740
       390.57057     0.0019503753
       390.58559     0.0018816314
       390.60060     0.0018112521
       390.61562     0.0017396595
       390.63063     0.0016672873
       390.64565     0.0015945785
       390.66066     0.0015219704
       390.67568     0.0014499448
       390.69069     0.0013789433
       390.70571     0.0013094240
       390.72072     0.0012418408
       390.73574     0.0011766425
       390.75075     0.0011142694
       390.76577     0.0010551533
       390.78078    0.00099970856
       390.79580    0.00094833849
       390.81081    0.00090142705
       390.82583    0.00085933804
       390.84084    0.00082241386
       390.85586    0.00079096933
       390.87087    0.00076529561
       390.88589    0.00074565437
       390.90090    0.00073227510
       390.91592    0.00072535900
       390.93093    0.00072507111
       390.94595    0.00073154310
       390.96096    0.00074487022
       390.97598    0.00076511094
       390.99099    0.00079228616
       391.00601    0.00082637875
       391.02102    0.00086733312
       391.03604    0.00091505538
       391.05105    0.00096938709
       391.06607     0.0010302075
       391.08108     0.0010972850
       391.09610     0.0011703755
       391.11111     0.0012491987
       391.12613     0.0013334396
       391.14114     0.0014227097
       391.15616     0.0015167082
       391.17117     0.0016149886
       391.18619     0.0017171135
       391.20120     0.0018225714
       391.21622     0.0019309727
       391.23123     0.0020417636
       391.24625     0.0021544185
       391.26126     0.0022683985
       391.27628     0.0023830942
       391.29129     0.0024980534
       391.30631     0.0026126519
       391.32132     0.0027262586
       391.33634     0.0028384158
       391.35135     0.0029484949
       391.36637     0.0030558732
       391.38138     0.0031601100
       391.39640     0.0032606036
       391.41141     0.0033568249
       391.42643     0.0034482093
       391.44144     0.0035343777
       391.45646     0.0036147573
       391.47147     0.0036890159
       391.48649     0.0037566916
       391.50150     0.0038173612
       391.51652     0.0038707786
       391.53153     0.0039165905
       391.54655     0.0039544911
       391.56156     0.0039843386
       391.57658     0.0040058718
       391.59159     0.0040190251
       391.60661     0.0040236388
       391.62162     0.0040211286
       391.63664     0.0040100692
       391.65165     0.0039900523
       391.66667     0.0039611684
       391.68168     0.0039235554
       391.69670     0.0038774373
       391.71171     0.0038230542
       391.72673     0.0037607139
       391.74174     0.0036907692
       391.75676     0.0036136302
       391.77177     0.0035297518
       391.78679     0.0034396348
       391.80180     0.0033438355
       391.81682     0.0032429237
       391.83183     0.0031375346
       391.84685     0.0030283444
       391.86186     0.0029160250
       391.87688     0.0028013133
       391.89189     0.0026849768
       391.90691     0.0025677591
       391.92192     0.0024504784
       391.93694     0.0023339062
       391.95195     0.0022188719
       391.96697     0.0021062099
       391.98198     0.0019967003
       391.99700     0.0018911911
       392.01201     0.0017904596
       392.02703     0.0016952781
       392.04204     0.0016064430
       392.05706     0.0015246666
       392.07207     0.0014506877
       392.08709     0.0013851574
       392.10210     0.0013287352
       392.11712     0.0012820059
       392.13213     0.0012455164
       392.14715     0.0012197702
       392.16216     0.0012052033
       392.17718     0.0012022006
       392.19219     0.0012110952
       392.20721     0.0012321267
       392.22222     0.0012654938
       392.23724     0.0013113185
       392.25225     0.0013696767
       392.26727     0.0014405017
       392.28228     0.0015237210
       392.29730     0.0016191673
       392.31231     0.0017265994
       392.32733     0.0018457043
       392.34234     0.0019760954
       392.35736     0.0021173156
       392.37237     0.0022688385
       392.38739     0.0024301273
       392.40240     0.0026004141
       392.41742     0.0027790328
       392.43243     0.0029652062
       392.44745     0.0031580333
       392.46246     0.0033567695
       392.47748     0.0035604197
       392.49249     0.0037680192
       392.50751     0.0039785640
       392.52252     0.0041910211
       392.53754     0.0044043335
       392.55255     0.0046174243
       392.56757     0.0048292077
       392.58258     0.0050385051
       392.59760     0.0052443876
       392.61261     0.0054456842
       392.62763     0.0056413188
       392.64264     0.0058302358
       392.65766     0.0060113237
       392.67267     0.0061837434
       392.68769     0.0063464520
       392.70270     0.0064984575
       392.71772     0.0066390419
       392.73273     0.0067673156
       392.74775     0.0068824607
       392.76276     0.0069839251
       392.77778     0.0070710248
       392.79279     0.0071431658
       392.80781     0.0071999993
       392.82282     0.0072410435
       392.83784     0.0072661071
       392.85285     0.0072749005
       392.86787     0.0072674005
       392.88288     0.0072435180
       392.89790     0.0072034034
       392.91291     0.0071471845
       392.92793     0.0070751876
       392.94294     0.0069877564
       392.95796     0.0068853993
       392.97297     0.0067686675
       392.98799     0.0066382470
       393.00300     0.0064948976
       393.01802     0.0063394853
       393.03303     0.0061729583
       393.04805     0.0059963218
       393.06306     0.0058107235
       393.07808     0.0056173374
       393.09309     0.0054174221
       393.10811     0.0052122771
       393.12312     0.0050033315
       393.13814     0.0047919976
       393.15315     0.0045797548
       393.16817     0.0043681191
       393.18318     0.0041586016
       393.19820     0.0039528369
       393.21321     0.0037523727
       393.22823     0.0035587810
       393.24324     0.0033736401
       393.25826     0.0031985077
       393.27327     0.0030349161
       393.28829     0.0028843622
       393.30330     0.0027483012
       393.31832     0.0026281238
       393.33333     0.0025251665
       393.34835     0.0024406887
       393.36336     0.0023758672
       393.37838     0.0023317890
       393.39339     0.0023094354
       393.40841     0.0023096858
       393.42342     0.0023333019
       393.43844     0.0023808941
       393.45345     0.0024530246
       393.46847     0.0025500464
       393.48348     0.0026721979
       393.49850     0.0028195732
       393.51351     0.0029921205
       393.52853     0.0031895648
       393.54354     0.0034116946
       393.55856     0.0036579443
       393.57357     0.0039276615
       393.58859     0.0042199407
       393.60360     0.0045340377
       393.61862     0.0048687630
       393.63363     0.0052227656
       393.64865     0.0055949272
       393.66366     0.0059834987
       393.67868     0.0063871421
       393.69369     0.0068039975
       393.70871     0.0072320863
       393.72372     0.0076697892
       393.73874     0.0081147822
       393.75375     0.0085653066
       393.76877     0.0090188843
       393.78378     0.0094736522
       393.79880     0.0099270339
       393.81381      0.010377108
       393.82883      0.010821242
       393.84384      0.011257506
       393.85886      0.011693647
       393.87387      0.012124220
       393.88889      0.012539406
       393.90390      0.012936701
       393.91892      0.013314071
       393.93393      0.013669158
       393.94895      0.013999841
       393.96396      0.014303991
       393.97898      0.014579965
       393.99399      0.014825792
       394.00901      0.015040102
       394.02402      0.015221362
       394.03904      0.015368236
       394.05405      0.015479775
       394.06907      0.015555197
       394.08408      0.015593708
       394.09910      0.015595026
       394.11411      0.015558827
       394.12913      0.015485219
       394.14414      0.015374515
       394.15916      0.015227173
       394.17417      0.015044016
       394.18919      0.014826065
       394.20420      0.014574330
       394.21922      0.014290302
       394.23423      0.013976077
       394.24925      0.013633732
       394.26426      0.013265560
       394.27928      0.012874096
       394.29429      0.012462150
       394.30931      0.012032721
       394.32432      0.011589021
       394.33934      0.011134511
       394.35435      0.010672859
       394.36937      0.010207728
       394.38438     0.0097431552
       394.39940     0.0092832045
       394.41441     0.0088321075
       394.42943     0.0083942116
       394.44444     0.0079737458
       394.45946     0.0075752072
       394.47447     0.0072030583
       394.48949     0.0068616029
       394.50450     0.0065552902
       394.51952     0.0062883488
       394.53453     0.0060650166
       394.54955     0.0058892840
       394.56456     0.0057650655
       394.57958     0.0056960171
       394.59459     0.0056855496
       394.60961     0.0057368388
       394.62462     0.0058528040
       394.63964     0.0060358829
       394.65465     0.0062883044
       394.66967     0.0066119766
       394.68468     0.0070081007
       394.69970     0.0074777341
       394.71471     0.0080214030
       394.72973     0.0086391770
       394.74474     0.0093306374
       394.75976      0.010094897
       394.77477      0.010930582
       394.78979      0.011835810
       394.80480      0.012808226
       394.81982      0.013845000
       394.83483      0.014942794
       394.84985      0.016097839
       394.86486      0.017305923
       394.87988      0.018562370
       394.89489      0.019861766
       394.90991      0.021199420
       394.92492      0.022569165
       394.93994      0.023964911
       394.95495      0.025379867
       394.96997      0.026808188
       394.98498      0.028242626
       395.00000      0.029675728
       395.01502      0.031101162
       395.03003      0.032510812
       395.04505      0.033898227
       395.06006      0.035255194
       395.07508      0.036575266
       395.09009      0.037850358
       395.10511      0.039095548
       395.12012      0.040321474
       395.13514      0.041478042
       395.15015      0.042556982
       395.16517      0.043551659
       395.18018      0.044455353
       395.19520      0.045261775
       395.21021      0.045965418
       395.22523      0.046560284
       395.24024      0.047042007
       395.25526      0.047406472
       395.27027      0.047650238
       395.28529      0.047770649
       395.30030      0.047765801
       395.31532      0.047634638
       395.33033      0.047376999
       395.34535      0.046993927
       395.36036      0.046487177
       395.37538      0.045859806
       395.39039      0.045116006
       395.40541      0.044261098
       395.42042      0.043301864
       395.43544      0.042246467
       395.45045      0.041104129
       395.46547      0.039886158
       395.48048      0.038604678
       395.49550      0.037274066
       395.51051      0.035909862
       395.52553      0.034529063
       395.54054      0.033150954
       395.55556      0.031795875
       395.57057      0.030485632
       395.58559      0.029244226
       395.60060      0.028096398
       395.61562      0.027068517
       395.63063      0.026187988
       395.64565      0.025483316
       395.66066      0.024983679
       395.67568      0.024718777
       395.69069      0.024718587
       395.70571      0.025012917
       395.72072      0.025631126
       395.73574      0.026601755
       395.75075      0.027952066
       395.76577      0.029707027
       395.78078      0.031891323
       395.79580      0.034525443
       395.81081      0.037626485
       395.82583      0.041211186
       395.84084      0.045289892
       395.85586      0.049868506
       395.87087      0.054952979
       395.88589      0.060539205
       395.90090      0.066625248
       395.91592      0.073197587
       395.93093      0.080244067
       395.94595      0.087749043
       395.96096      0.095685910
       395.97598       0.10403150
       395.99099       0.11275728
       396.00601       0.12183461
       396.02102       0.13122436
       396.03604       0.14089394
       396.05105       0.15080649
       396.06607       0.16092459
       396.08108       0.17121052
       396.09610       0.18162644
       396.11111       0.19216989
       396.12613       0.20322730
       396.14114       0.21430934
       396.15616       0.22537828
       396.17117       0.23639859
       396.18619       0.24733521
       396.20120       0.25816081
       396.21622       0.26884416
       396.23123       0.27936303
       396.24625       0.28969169
       396.26126       0.29981187
       396.27628       0.30970613
       396.29129       0.31935969
       396.30631       0.32876016
       396.32132       0.33789578
       396.33634       0.34676132
       396.35135       0.35534778
       396.36637       0.36365332
       396.38138       0.37167237
       396.39640       0.37940484
       396.41141       0.38685041
       396.42643       0.39400998
       396.44144       0.40088540
       396.45646       0.40747930
       396.47147       0.41379509
       396.48649       0.41983675
       396.50150       0.42577407
       396.51652       0.43148100
       396.53153       0.43690883
       396.54655       0.44206273
       396.56156       0.44695135
       396.57658       0.45157916
       396.59159       0.45595387
       396.60661       0.46008211
       396.62162       0.46397047
       396.63664       0.46762546
       396.65165       0.47105350
       396.66667       0.47426084
       396.68168       0.47725284
       396.69670       0.48003691
       396.71171       0.48261733
       396.72673       0.48500029
       396.74174       0.48719174
       396.75676       0.48919544
       396.77177       0.49101683
       396.78679       0.49266054
       396.80180       0.49413089
       396.81682       0.49543147
       396.83183       0.49656722
       396.84685       0.49754122
       396.86186       0.49835644
       396.87688       0.49901659
       396.89189       0.49952307
       396.90691       0.49987130
       396.92192       0.50006393
       396.93694       0.50010360
       396.95195       0.49999288
       396.96697       0.49973377
       396.98198       0.49932851
       396.99700       0.49877865
       397.01201       0.49808582
       397.02703       0.49725124
       397.04204       0.49627612
       397.05706       0.49516118
       397.07207       0.49390720
       397.08709       0.49251462
       397.10210       0.49098371
       397.11712       0.48931448
       397.13213       0.48742492
       397.14715       0.48537183
       397.16216       0.48317359
       397.17718       0.48082979
       397.19219       0.47833949
       397.20721       0.47570168
       397.22222       0.47291540
       397.23724       0.46997909
       397.25225       0.46689129
       397.26727       0.46351240
       397.28228       0.45983308
       397.29730       0.45599886
       397.31231       0.45200798
       397.32733       0.44785795
       397.34234       0.44354648
       397.35736       0.43907103
       397.37237       0.43442936
       397.38739       0.42954837
       397.40240       0.42441657
       397.41742       0.41910168
       397.43243       0.41360039
       397.44745       0.40791092
       397.46246       0.40203041
       397.47748       0.39595673
       397.49249       0.38968785
       397.50751       0.38322189
       397.52252       0.37589240
       397.53754       0.36825681
       397.55255       0.36044903
       397.56757       0.35247028
       397.58258       0.34432318
       397.59760       0.33601139
       397.61261       0.32753816
       397.62763       0.31891059
       397.64264       0.31003034
       397.65766       0.30054295
       397.67267       0.29096159
       397.68769       0.28129939
       397.70270       0.27157146
       397.71772       0.26179556
       397.73273       0.25199063
       397.74775       0.24217768
       397.76276       0.23238033
       397.77778       0.22240566
       397.79279       0.21234658
       397.80781       0.20244712
       397.82282       0.19273827
       397.83784       0.18324692
       397.85285       0.17400409
       397.86787       0.16504089
       397.88288       0.15638465
       397.89790       0.14806268
       397.91291       0.14010114
       397.92793       0.13252335
       397.94294       0.12534992
       397.95796       0.11859955
       397.97297       0.11228477
       397.98799       0.10641704
       398.00300       0.10100224
       398.01802      0.096042290
       398.03303      0.091695445
       398.04805      0.087829812
       398.06306      0.084398901
       398.07808      0.081377054
       398.09309      0.078736959
       398.10811      0.076449521
       398.12312      0.074484649
       398.13814      0.072812114
       398.15315      0.071401142
       398.16817      0.070221727
       398.18318      0.069244227
       398.19820      0.068440359
       398.21321      0.067782987
       398.22823      0.067246319
       398.24324      0.066806504
       398.25826      0.066441506
       398.27327      0.066120723
       398.28829      0.065796021
       398.30330      0.065488647
       398.31832      0.065187068
       398.33333      0.064881196
       398.34835      0.064562441
       398.36336      0.064223473
       398.37838      0.063858246
       398.39339      0.063461970
       398.40841      0.063051996
       398.42342      0.062625484
       398.43844      0.062164214
       398.45345      0.061665884
       398.46847      0.061128993
       398.48348      0.060552886
       398.49850      0.059937449
       398.51351      0.059283198
       398.52853      0.058591314
       398.54354      0.057862598
       398.55856      0.057095975
       398.57357      0.056295433
       398.58859      0.055463873
       398.60360      0.054602146
       398.61862      0.053699624
       398.63363      0.052763280
       398.64865      0.051798726
       398.66366      0.050811827
       398.67868      0.049808411
       398.69369      0.048794561
       398.70871      0.047776054
       398.72372      0.046758790
       398.73874      0.045748133
       398.75375      0.044749502
       398.76877      0.043767856
       398.78378      0.042807780
       398.79880      0.041873457
       398.81381      0.040961339
       398.82883      0.040104420
       398.84384      0.039302153
       398.85886      0.038552061
       398.87387      0.037851476
       398.88889      0.037197541
       398.90390      0.036587414
       398.91892      0.036023304
       398.93393      0.035493486
       398.94895      0.034991020
       398.96396      0.034514393
       398.97898      0.034062121
       398.99399      0.033632726
       399.00901      0.033224725
       399.02402      0.032836642
       399.03904      0.032467093
       399.05405      0.032114670
       399.06907      0.031778016
       399.08408      0.031455880
       399.09910      0.031147010
       399.11411      0.030850193
       399.12913      0.030564406
       399.14414      0.030288539
       399.15916      0.030021627
       399.17417      0.029762792
       399.18919      0.029511177
       399.20420      0.029265993
       399.21922      0.029026559
       399.23423      0.028792216
       399.24925      0.028562367
       399.26426      0.028336497
       399.27928      0.028114163
       399.29429      0.027894907
       399.30931      0.027676045
       399.32432      0.027457847
       399.33934      0.027241507
       399.35435      0.027026928
       399.36937      0.026814004
       399.38438      0.026602658
       399.39940      0.026392879
       399.41441      0.026184627
       399.42943      0.025977926
       399.44444      0.025751715
       399.45946      0.025526874
       399.47447      0.025304322
       399.48949      0.025084089
       399.50450      0.024866212
       399.51952      0.024650756
       399.53453      0.024437746
       399.54955      0.024227215
       399.56456      0.024022349
       399.57958      0.023826934
       399.59459      0.023633692
       399.60961      0.023442670
       399.62462      0.023253887
       399.63964      0.023067358
       399.65465      0.022883129
       399.66967      0.022701212
       399.68468      0.022527250
       399.69970      0.022367409
       399.71471      0.022209036
       399.72973      0.022052151
       399.74474      0.021896776
       399.75976      0.021742969
       399.77477      0.021590758
       399.78979      0.021440162
       399.80480      0.021291268
       399.81982      0.021144081
       399.83483      0.020998647
       399.84985      0.020855022
       399.86486      0.020713236
       399.87988      0.020573312
       399.89489      0.020435288
       399.90991      0.020299208
       399.92492      0.020165062
       399.93994      0.020032898
       399.95495      0.019901110
       399.96997      0.019770774
       399.98498      0.019646449
       400.00000      0.019527950
       400.01502      0.019415102
       400.03003      0.019307778
       400.04505      0.019205834
       400.06006      0.019109123
       400.07508      0.018990229
       400.09009      0.018820577
       400.10511      0.018652578
       400.12012      0.018486228
       400.13514      0.018321515
       400.15015      0.018158422
       400.16517      0.017996965
       400.18018      0.017837122
       400.19520      0.017678878
       400.21021      0.017530359
       400.22523      0.017387081
       400.24024      0.017245195
       400.25526      0.017104692
       400.27027      0.016965553
       400.28529      0.016827758
       400.30030      0.016691308
       400.31532      0.016556194
       400.33033      0.016422378
       400.34535      0.016289880
       400.36036      0.016158673
       400.37538      0.016028737
       400.39039      0.015900074
       400.40541      0.015772666
       400.42042      0.015646504
       400.43544      0.015521571
       400.45045      0.015397867
       400.46547      0.015279063
       400.48048      0.015168015
       400.49550      0.015058276
       400.51051      0.014949825
       400.52553      0.014842659
       400.54054      0.014736760
       400.55556      0.014632109
       400.57057      0.014528702
       400.58559      0.014425734
       400.60060      0.014323830
       400.61562      0.014223142
       400.63063      0.014123662
       400.64565      0.014025368
       400.66066      0.013928256
       400.67568      0.013832309
       400.69069      0.013737510
       400.70571      0.013643866
       400.72072      0.013551340
       400.73574      0.013459930
       400.75075      0.013369625
       400.76577      0.013280413
       400.78078      0.013192282
       400.79580      0.013105223
       400.81081      0.013019222
       400.82583      0.012934281
       400.84084      0.012850367
       400.85586      0.012767480
       400.87087      0.012685609
       400.88589      0.012604745
       400.90090      0.012524876
       400.91592      0.012445993
       400.93093      0.012368084
       400.94595      0.012291150
       400.96096      0.012215165
       400.97598      0.012140123
       400.99099      0.012066019
       401.00601      0.011992841
       401.02102      0.011920581
       401.03604      0.011849230
       401.05105      0.011778779
       401.06607      0.011709228
       401.08108      0.011640549
       401.09610      0.011572745
       401.11111      0.011504212
       401.12613      0.011416658
       401.14114      0.011330175
       401.15616      0.011244764
       401.17117      0.011160416
       401.18619      0.011077138
       401.20120      0.010994908
       401.21622      0.010913737
       401.23123      0.010833616
       401.24625      0.010748767
       401.26126      0.010656760
       401.27628      0.010565636
       401.29129      0.010475391
       401.30631      0.010386031
       401.32132      0.010297546
       401.33634      0.010209934
       401.35135      0.010123194
       401.36637      0.010037328
       401.38138     0.0099339092
       401.39640     0.0098254897
       401.41141     0.0097179684
       401.42643     0.0096113304
       401.44144     0.0095055903
       401.45646     0.0094007583
       401.47147     0.0092968130
       401.48649     0.0091937826
       401.50150     0.0090901276
       401.51652     0.0089735394
       401.53153     0.0088576984
       401.54655     0.0087425973
       401.56156     0.0086282260
       401.57658     0.0085146094
       401.59159     0.0084017340
       401.60661     0.0082896023
       401.62162     0.0081782327
       401.63664     0.0080618746
       401.65165     0.0079390912
       401.66667     0.0078170859
       401.68168     0.0076958915
       401.69670     0.0075755000
       401.71171     0.0074559365
       401.72673     0.0073371870
       401.74174     0.0072192572
       401.75676     0.0071021526
       401.77177     0.0069830698
       401.78679     0.0068640816
       401.80180     0.0067460338
       401.81682     0.0066288974
       401.83183     0.0065126783
       401.84685     0.0063973824
       401.86186     0.0062830151
       401.87688     0.0061696216
       401.89189     0.0060571285
       401.90691     0.0059456199
       401.92192     0.0058350618
       401.93694     0.0057254596
       401.95195     0.0056168232
       401.96697     0.0055091484
       401.98198     0.0054024834
       401.99700     0.0052967565
       402.01201     0.0051920491
       402.02703     0.0050648479
       402.04204     0.0049147599
       402.05706     0.0047695352
       402.07207     0.0046291720
       402.08709     0.0044937135
       402.10210     0.0043631300
       402.11712     0.0042374967
       402.13213     0.0041168290
       402.14715     0.0040010932
       402.16216     0.0039711266
       402.17718     0.0039614211
       402.19219     0.0039525198
       402.20721     0.0039443349
       402.22222     0.0039367885
       402.23724     0.0039297960
       402.25225     0.0039232902
       402.26727     0.0039171854
       402.28228     0.0039106039
       402.29730     0.0038995684
       402.31231     0.0038886123
       402.32733     0.0038777202
       402.34234     0.0038668803
       402.35736     0.0038560925
       402.37237     0.0038453550
       402.38739     0.0038346820
       402.40240     0.0038240788
       402.41742     0.0038158527
       402.43243     0.0038100251
       402.44745     0.0038042646
       402.46246     0.0037986078
       402.47748     0.0037931007
       402.49249     0.0037877913
       402.50751     0.0037827078
       402.52252     0.0037779108
       402.53754     0.0037734345
       402.55255     0.0037696256
       402.56757     0.0037676062
       402.58258     0.0037659352
       402.59760     0.0037646365
       402.61261     0.0037637403
       402.62763     0.0037632517
       402.64264     0.0037631863
       402.65766     0.0037635501
       402.67267     0.0037652689
       402.68769     0.0037716569
       402.70270     0.0037784311
       402.71772     0.0037855701
       402.73273     0.0037930399
       402.74775     0.0038008163
       402.76276     0.0038088634
       402.77778     0.0038171410
       402.79279     0.0038256015
       402.80781     0.0038342066
       402.82282     0.0038420777
       402.83784     0.0038497817
       402.85285     0.0038574046
       402.86787     0.0038649136
       402.88288     0.0038722711
       402.89790     0.0038794419
       402.91291     0.0038863911
       402.92793     0.0038930879
       402.94294     0.0039071980
       402.95796     0.0039221204
       402.97297     0.0039365616
       402.98799     0.0039505309
       403.00300     0.0039640254
       403.01802     0.0039770478
       403.03303     0.0039895930
       403.04805     0.0040017031
       403.06306     0.0040133659
       403.07808     0.0040246226
       403.09309     0.0040355013
       403.10811     0.0040460331
       403.12312     0.0040562523
       403.13814     0.0040661953
       403.15315     0.0040759002
       403.16817     0.0040853893
       403.18318     0.0040947190
       403.19820     0.0041039320
       403.21321     0.0041273912
       403.22823     0.0041526478
       403.24324     0.0041778473
       403.25826     0.0042030282
       403.27327     0.0042282463
       403.28829     0.0042535736
       403.30330     0.0042790243
       403.31832     0.0043046430
       403.33333     0.0043351744
       403.34835     0.0043829779
       403.36336     0.0044316856
       403.37838     0.0044812458
       403.39339     0.0045316001
       403.40841     0.0045826991
       403.42342     0.0046344820
       403.43844     0.0046869354
       403.45345     0.0047400212
       403.46847     0.0047575519
       403.48348     0.0047475073
       403.49850     0.0047377526
       403.51351     0.0047282852
       403.52853     0.0047191023
       403.54354     0.0047101985
       403.55856     0.0047015776
       403.57357     0.0046932302
       403.58859     0.0046851544
       403.60360     0.0046880339
       403.61862     0.0046922472
       403.63363     0.0046966908
       403.64865     0.0047013491
       403.66366     0.0047062192
       403.67868     0.0047113146
       403.69369     0.0047166132
       403.70871     0.0047221221
       403.72372     0.0047257989
       403.73874     0.0047235702
       403.75375     0.0047216496
       403.76877     0.0047200627
       403.78378     0.0047187784
       403.79880     0.0047178262
       403.81381     0.0047171679
       403.82883     0.0047168185
       403.84384     0.0047167756
       403.85886     0.0047170364
       403.87387     0.0047175985
       403.88889     0.0047184590
       403.90390     0.0047195992
       403.91892     0.0047210517
       403.93393     0.0047227751
       403.94895     0.0047248031
       403.96396     0.0047270993
       403.97898     0.0047296778
       403.99399     0.0047325536
       404.00901     0.0047356891
       404.02402     0.0047390990
       404.03904     0.0047427656
       404.05405     0.0047467164
       404.06907     0.0047509338
       404.08408     0.0047553965
       404.09910     0.0047601392
       404.11411     0.0047619087
       404.12913     0.0047554936
       404.14414     0.0047494743
       404.15916     0.0047438443
       404.17417     0.0047385960
       404.18919     0.0047337379
       404.20420     0.0047292603
       404.21922     0.0047251652
       404.23423     0.0047214508
       404.24925     0.0047181108
       404.26426     0.0047008839
       404.27928     0.0046832591
       404.29429     0.0046659771
       404.30931     0.0046490399
       404.32432     0.0046324468
       404.33934     0.0046161960
       404.35435     0.0046002888
       404.36937     0.0045847222
       404.38438     0.0045694979
       404.39940     0.0045546125
       404.41441     0.0045400666
       404.42943     0.0045258617
       404.44444     0.0045119924
       404.45946     0.0044984582
       404.47447     0.0044852624
       404.48949     0.0044724000
       404.50450     0.0044598724
       404.51952     0.0044416697
       404.53453     0.0044202591
       404.54955     0.0043990986
       404.56456     0.0043781829
       404.57958     0.0043575138
       404.59459     0.0043370905
       404.60961     0.0043169125
       404.62462     0.0042969810
       404.63964     0.0042772914
       404.65465     0.0042578469
       404.66967     0.0042386471
       404.68468     0.0042196870
       404.69970     0.0042009682
       404.71471     0.0041824902
       404.72973     0.0041642521
       404.74474     0.0041462547
       404.75976     0.0041284949
       404.77477     0.0041109742
       404.78979     0.0040903189
       404.80480     0.0040680609
       404.81982     0.0040459814
       404.83483     0.0040240939
       404.84985     0.0040023906
       404.86486     0.0039808708
       404.87988     0.0039595340
       404.89489     0.0039383793
       404.90991     0.0039174146
       404.92492     0.0038966224
       404.93994     0.0038760104
       404.95495     0.0038555844
       404.96997     0.0038353310
       404.98498     0.0038152620
       405.00000     0.0037953647
