;   
;  IMD Data
;   
;  Saved on Fri Aug 11 10:19:08 2023
;   
;  Structure: 
;   
;  [Sc/Cr] multilayer, N=300, d=1.56 nm, Gamma=0.590
;      Sc layer (1), z=0.92 nm
;      Cr layer (2), z=0.64 nm
;  Si substrate
;   
;  
;   
;  Theta=0.000 deg
;   
;  E [eV] 	R
       390.00000     0.0031123381
       390.01502     0.0032500864
       390.03003     0.0033869668
       390.04505     0.0035221408
       390.06006     0.0036550560
       390.07508     0.0037848872
       390.09009     0.0039110290
       390.10511     0.0040328911
       390.12012     0.0041496909
       390.13514     0.0042608795
       390.15015     0.0043659301
       390.16517     0.0044641436
       390.18018     0.0045550558
       390.19520     0.0046382328
       390.21021     0.0047130916
       390.22523     0.0047792805
       390.24024     0.0048364805
       390.25526     0.0048842641
       390.27027     0.0049224037
       390.28529     0.0049506784
       390.30030     0.0049689616
       390.31532     0.0049770431
       390.33033     0.0049749085
       390.34535     0.0049625522
       390.36036     0.0049400578
       390.37538     0.0049074650
       390.39039     0.0048649752
       390.40541     0.0048128202
       390.42042     0.0047512600
       390.43544     0.0046806438
       390.45045     0.0046013555
       390.46547     0.0045138244
       390.48048     0.0044185532
       390.49550     0.0043160948
       390.51051     0.0042070130
       390.52553     0.0040919500
       390.54054     0.0039715775
       390.55556     0.0038466072
       390.57057     0.0037177964
       390.58559     0.0035858942
       390.60060     0.0034517281
       390.61562     0.0033160965
       390.63063     0.0031798550
       390.64565     0.0030438733
       390.66066     0.0029089637
       390.67568     0.0027760779
       390.69069     0.0026460337
       390.70571     0.0025197217
       390.72072     0.0023979731
       390.73574     0.0022816525
       390.75075     0.0021715582
       390.76577     0.0020684985
       390.78078     0.0019732502
       390.79580     0.0018865265
       390.81081     0.0018090408
       390.82583     0.0017414264
       390.84084     0.0016843042
       390.85586     0.0016382111
       390.87087     0.0016036591
       390.88589     0.0015810740
       390.90090     0.0015708358
       390.91592     0.0015732636
       390.93093     0.0015885947
       390.94595     0.0016170124
       390.96096     0.0016586145
       390.97598     0.0017134377
       390.99099     0.0017814364
       391.00601     0.0018624965
       391.02102     0.0019564262
       391.03604     0.0020629602
       391.05105     0.0021817015
       391.06607     0.0023123536
       391.08108     0.0024543782
       391.09610     0.0026072297
       391.11111     0.0027702864
       391.12613     0.0029428710
       391.14114     0.0031241610
       391.15616     0.0033135218
       391.17117     0.0035100256
       391.18619     0.0037127798
       391.20120     0.0039207328
       391.21622     0.0041331092
       391.23123     0.0043488022
       391.24625     0.0045667606
       391.26126     0.0047859248
       391.27628     0.0050051060
       391.29129     0.0052234257
       391.30631     0.0054396806
       391.32132     0.0056526641
       391.33634     0.0058615071
       391.35135     0.0060650238
       391.36637     0.0062620479
       391.38138     0.0064517676
       391.39640     0.0066330726
       391.41141     0.0068049992
       391.42643     0.0069665231
       391.44144     0.0071169811
       391.45646     0.0072553515
       391.47147     0.0073810699
       391.48649     0.0074933345
       391.50150     0.0075914376
       391.51652     0.0076749900
       391.53153     0.0077434198
       391.54655     0.0077962539
       391.56156     0.0078333046
       391.57658     0.0078542184
       391.59159     0.0078589584
       391.60661     0.0078473538
       391.62162     0.0078216166
       391.63664     0.0077795090
       391.65165     0.0077205683
       391.66667     0.0076450953
       391.68168     0.0075534947
       391.69670     0.0074463102
       391.71171     0.0073241434
       391.72673     0.0071876926
       391.74174     0.0070378036
       391.75676     0.0068753763
       391.77177     0.0067013836
       391.78679     0.0065169115
       391.80180     0.0063231418
       391.81682     0.0061212634
       391.83183     0.0059125979
       391.84685     0.0056985413
       391.86186     0.0054804308
       391.87688     0.0052598045
       391.89189     0.0050381872
       391.90691     0.0048170463
       391.92192     0.0045980199
       391.93694     0.0043826110
       391.95195     0.0041724421
       391.96697     0.0039691312
       391.98198     0.0037741726
       391.99700     0.0035891820
       392.01201     0.0034156348
       392.02703     0.0032549739
       392.04204     0.0031086746
       392.05706     0.0029780441
       392.07207     0.0028644116
       392.08709     0.0027689496
       392.10210     0.0026928014
       392.11712     0.0026369729
       392.13213     0.0026023865
       392.14715     0.0025898390
       392.16216     0.0026000158
       392.17718     0.0026334765
       392.19219     0.0026906835
       392.20721     0.0027718703
       392.22222     0.0028772178
       392.23724     0.0030067376
       392.25225     0.0031603607
       392.26727     0.0033376886
       392.28228     0.0035383524
       392.29730     0.0037617779
       392.31231     0.0040072558
       392.32733     0.0042739270
       392.34234     0.0045607962
       392.35736     0.0048667339
       392.37237     0.0051904819
       392.38739     0.0055307870
       392.40240     0.0058859021
       392.41742     0.0062543437
       392.43243     0.0066343980
       392.44745     0.0070241380
       392.46246     0.0074219721
       392.47748     0.0078258093
       392.49249     0.0082336433
       392.50751     0.0086434194
       392.52252     0.0090530383
       392.53754     0.0094604010
       392.55255     0.0098633709
       392.56757      0.010259820
       392.58258      0.010647470
       392.59760      0.011024554
       392.61261      0.011388865
       392.62763      0.011738395
       392.64264      0.012071203
       392.65766      0.012385274
       392.67267      0.012679131
       392.68769      0.012950935
       392.70270      0.013198977
       392.71772      0.013422072
       392.73273      0.013618758
       392.74775      0.013787718
       392.76276      0.013928145
       392.77778      0.014039039
       392.79279      0.014119559
       392.80781      0.014169341
       392.82282      0.014187831
       392.83784      0.014174989
       392.85285      0.014130627
       392.86787      0.014055039
       392.88288      0.013948508
       392.89790      0.013811612
       392.91291      0.013645053
       392.92793      0.013449828
       392.94294      0.013226985
       392.95796      0.012977862
       392.97297      0.012704002
       392.98799      0.012407014
       393.00300      0.012088743
       393.01802      0.011751309
       393.03303      0.011396796
       393.04805      0.011027547
       393.06306      0.010646075
       393.07808      0.010254971
       393.09309     0.0098569928
       393.10811     0.0094548298
       393.12312     0.0090516156
       393.13814     0.0086502089
       393.15315     0.0082537039
       393.16817     0.0078652357
       393.18318     0.0074877915
       393.19820     0.0071247174
       393.21321     0.0067789959
       393.22823     0.0064537779
       393.24324     0.0061520391
       393.25826     0.0058768002
       393.27327     0.0056308757
       393.28829     0.0054170726
       393.30330     0.0052379634
       393.31832     0.0050960394
       393.33333     0.0049936104
       393.34835     0.0049327381
       393.36336     0.0049153435
       393.37838     0.0049430682
       393.39339     0.0050173186
       393.40841     0.0051392716
       393.42342     0.0053097961
       393.43844     0.0055294065
       393.45345     0.0057985869
       393.46847     0.0061172652
       393.48348     0.0064851451
       393.49850     0.0069016133
       393.51351     0.0073657602
       393.52853     0.0078761465
       393.54354     0.0084316158
       393.55856     0.0090301599
       393.57357     0.0096696181
       393.58859      0.010347338
       393.60360      0.011061089
       393.61862      0.011807684
       393.63363      0.012583640
       393.64865      0.013386064
       393.66366      0.014210746
       393.67868      0.015054435
       393.69369      0.015912836
       393.70871      0.016781477
       393.72372      0.017656716
       393.73874      0.018533518
       393.75375      0.019408147
       393.76877      0.020275377
       393.78378      0.021131415
       393.79880      0.021971063
       393.81381      0.022790517
       393.82883      0.023584676
       393.84384      0.024349901
       393.85886      0.025100725
       393.87387      0.025826161
       393.88889      0.026507754
       393.90390      0.027141105
       393.91892      0.027722785
       393.93393      0.028248877
       393.94895      0.028715987
       393.96396      0.029120872
       393.97898      0.029461179
       393.99399      0.029734159
       394.00901      0.029938120
       394.02402      0.030071328
       394.03904      0.030132462
       394.05405      0.030120919
       394.06907      0.030036476
       394.08408      0.029879096
       394.09910      0.029649646
       394.11411      0.029349140
       394.12913      0.028979285
       394.14414      0.028542234
       394.15916      0.028040618
       394.17417      0.027477759
       394.18919      0.026857328
       394.20420      0.026183549
       394.21922      0.025461167
       394.23423      0.024695574
       394.24925      0.023892394
       394.26426      0.023058007
       394.27928      0.022198988
       394.29429      0.021322621
       394.30931      0.020436397
       394.32432      0.019548181
       394.33934      0.018666389
       394.35435      0.017799669
       394.36937      0.016956489
       394.38438      0.016146151
       394.39940      0.015377752
       394.41441      0.014660479
       394.42943      0.014003808
       394.44444      0.013416663
       394.45946      0.012908179
       394.47447      0.012487361
       394.48949      0.012162621
       394.50450      0.011942184
       394.51952      0.011833868
       394.53453      0.011844809
       394.54955      0.011981690
       394.56456      0.012250318
       394.57958      0.012656043
       394.59459      0.013202887
       394.60961      0.013894393
       394.62462      0.014733308
       394.63964      0.015720557
       394.65465      0.016856782
       394.66967      0.018141728
       394.68468      0.019572814
       394.69970      0.021147519
       394.71471      0.022861827
       394.72973      0.024710617
       394.74474      0.026687719
       394.75976      0.028785788
       394.77477      0.030996578
       394.78979      0.033310838
       394.80480      0.035718409
       394.81982      0.038208344
       394.83483      0.040768769
       394.84985      0.043387275
       394.86486      0.046050794
       394.87988      0.048745740
       394.89489      0.051457249
       394.90991      0.054172644
       394.92492      0.056876528
       394.93994      0.059554043
       394.95495      0.062189553
       394.96997      0.064769951
       394.98498      0.067279673
       395.00000      0.069703392
       395.01502      0.072028502
       395.03003      0.074239513
       395.04505      0.076324514
       395.06006      0.078269040
       395.07508      0.080062146
       395.09009      0.081690699
       395.10511      0.083175231
       395.12012      0.084523685
       395.13514      0.085662028
       395.15015      0.086579466
       395.16517      0.087268184
       395.18018      0.087721098
       395.19520      0.087932578
       395.21021      0.087898801
       395.22523      0.087616947
       395.24024      0.087086888
       395.25526      0.086310267
       395.27027      0.085290978
       395.28529      0.084035367
       395.30030      0.082552445
       395.31532      0.080854117
       395.33033      0.078955744
       395.34535      0.076875153
       395.36036      0.074634645
       395.37538      0.072260118
       395.39039      0.069782052
       395.40541      0.067233745
       395.42042      0.064654542
       395.43544      0.062087865
       395.45045      0.059580653
       395.46547      0.057186229
       395.48048      0.054960281
       395.49550      0.052964350
       395.51051      0.051262180
       395.52553      0.049920786
       395.54054      0.049009841
       395.55556      0.048599500
       395.57057      0.048760542
       395.58559      0.049561222
       395.60060      0.051067834
       395.61562      0.053341883
       395.63063      0.056438688
       395.64565      0.060405729
       395.66066      0.065281065
       395.67568      0.071091867
       395.69069      0.077853419
       395.70571      0.085568001
       395.72072      0.094224524
       395.73574       0.10379840
       395.75075       0.11425173
       395.76577       0.12553078
       395.78078       0.13758152
       395.79580       0.15032918
       395.81081       0.16369008
       395.82583       0.17758772
       395.84084       0.19192896
       395.85586       0.20661746
       395.87087       0.22157183
       395.88589       0.23669244
       395.90090       0.25190380
       395.91592       0.26711407
       395.93093       0.28225271
       395.94595       0.29725545
       395.96096       0.31205040
       395.97598       0.32658766
       395.99099       0.34081974
       396.00601       0.35471095
       396.02102       0.36821876
       396.03604       0.38132105
       396.05105       0.39399697
       396.06607       0.40623168
       396.08108       0.41801485
       396.09610       0.42934059
       396.11111       0.44024497
       396.12613       0.45116272
       396.14114       0.46158206
       396.15616       0.47151111
       396.17117       0.48096001
       396.18619       0.48993929
       396.20120       0.49846563
       396.21622       0.50655058
       396.23123       0.51421231
       396.24625       0.52146392
       396.26126       0.52832268
       396.27628       0.53480476
       396.29129       0.54092600
       396.30631       0.54670222
       396.32132       0.55214779
       396.33634       0.55727958
       396.35135       0.56211031
       396.36637       0.56665566
       396.38138       0.57092745
       396.39640       0.57493933
       396.41141       0.57870368
       396.42643       0.58223214
       396.44144       0.58553593
       396.45646       0.58862561
       396.47147       0.59151120
       396.48649       0.59420225
       396.50150       0.59676152
       396.51652       0.59914966
       396.53153       0.60135677
       396.54655       0.60339098
       396.56156       0.60526137
       396.57658       0.60697455
       396.59159       0.60853810
       396.60661       0.60995869
       396.62162       0.61124255
       396.63664       0.61239548
       396.65165       0.61342296
       396.66667       0.61433006
       396.68168       0.61512124
       396.69670       0.61580155
       396.71171       0.61637454
       396.72673       0.61684435
       396.74174       0.61721482
       396.75676       0.61748878
       396.77177       0.61766956
       396.78679       0.61776004
       396.80180       0.61776285
       396.81682       0.61768028
       396.83183       0.61751494
       396.84685       0.61726871
       396.86186       0.61694335
       396.87688       0.61654075
       396.89189       0.61601363
       396.90691       0.61539697
       396.92192       0.61470493
       396.93694       0.61393885
       396.95195       0.61309988
       396.96697       0.61218906
       396.98198       0.61120731
       396.99700       0.61015533
       397.01201       0.60903379
       397.02703       0.60784318
       397.04204       0.60658386
       397.05706       0.60525610
       397.07207       0.60386003
       397.08709       0.60239571
       397.10210       0.60086302
       397.11712       0.59926181
       397.13213       0.59749934
       397.14715       0.59564509
       397.16216       0.59372029
       397.17718       0.59172443
       397.19219       0.58965663
       397.20721       0.58751613
       397.22222       0.58530193
       397.23724       0.58301290
       397.25225       0.58064794
       397.26727       0.57807624
       397.28228       0.57529111
       397.29730       0.57242985
       397.31231       0.56949093
       397.32733       0.56647224
       397.34234       0.56337188
       397.35736       0.56018742
       397.37237       0.55691680
       397.38739       0.55350483
       397.40240       0.54994511
       397.41742       0.54628899
       397.43243       0.54253316
       397.44745       0.53867491
       397.46246       0.53471087
       397.47748       0.53063775
       397.49249       0.52645220
       397.50751       0.52215050
       397.52252       0.51709338
       397.53754       0.51180378
       397.55255       0.50640474
       397.56757       0.50089207
       397.58258       0.49526160
       397.59760       0.48950954
       397.61261       0.48363088
       397.62763       0.47762250
       397.64264       0.47137303
       397.65766       0.46449692
       397.67267       0.45749784
       397.68769       0.45037186
       397.70270       0.44311596
       397.71772       0.43572813
       397.73273       0.42820571
       397.74775       0.42054717
       397.76276       0.41275225
       397.77778       0.40449916
       397.79279       0.39584058
       397.80781       0.38708490
       397.82282       0.37823756
       397.83784       0.36930118
       397.85285       0.36028396
       397.86787       0.35119556
       397.88288       0.34204458
       397.89790       0.33284267
       397.91291       0.32360329
       397.92793       0.31434170
       397.94294       0.30507503
       397.95796       0.29582340
       397.97297       0.28660520
       397.98799       0.27744581
       398.00300       0.26836681
       398.01802       0.25939420
       398.03303       0.25026909
       398.04805       0.24134837
       398.06306       0.23270294
       398.07808       0.22435313
       398.09309       0.21631774
       398.10811       0.20861452
       398.12312       0.20125726
       398.13814       0.19425810
       398.15315       0.18762653
       398.16817       0.18136875
       398.18318       0.17548829
       398.19820       0.16998402
       398.21321       0.16485296
       398.22823       0.16008874
       398.24324       0.15568167
       398.25826       0.15161827
       398.27327       0.14790490
       398.28829       0.14455944
       398.30330       0.14147686
       398.31832       0.13863974
       398.33333       0.13602886
       398.34835       0.13362556
       398.36336       0.13141062
       398.37838       0.12936479
       398.39339       0.12746940
       398.40841       0.12571441
       398.42342       0.12408625
       398.43844       0.12256314
       398.45345       0.12112957
       398.46847       0.11977019
       398.48348       0.11847119
       398.49850       0.11721950
       398.51351       0.11600329
       398.52853       0.11481129
       398.54354       0.11363482
       398.55856       0.11246633
       398.57357       0.11129469
       398.58859       0.11011284
       398.60360       0.10892684
       398.61862       0.10774883
       398.63363       0.10653282
       398.64865       0.10527542
       398.66366       0.10397486
       398.67868       0.10263016
       398.69369       0.10124244
       398.70871      0.099813756
       398.72372      0.098346917
       398.73874      0.096845823
       398.75375      0.095315527
       398.76877      0.093760927
       398.78378      0.092188160
       398.79880      0.090603075
       398.81381      0.088809538
       398.82883      0.087047441
       398.84384      0.085339802
       398.85886      0.083689356
       398.87387      0.082098426
       398.88889      0.080567903
       398.90390      0.079098801
       398.91892      0.077740484
       398.93393      0.076463000
       398.94895      0.075228301
       398.96396      0.074036661
       398.97898      0.072887732
       398.99399      0.071780866
       399.00901      0.070715539
       399.02402      0.069690597
       399.03904      0.068705263
       399.05405      0.067758114
       399.06907      0.066848118
       399.08408      0.065973664
       399.09910      0.065133543
       399.11411      0.064326033
       399.12913      0.063549805
       399.14414      0.062803087
       399.15916      0.062084519
       399.17417      0.061392325
       399.18919      0.060725162
       399.20420      0.060081303
       399.21922      0.059459455
       399.23423      0.058857980
       399.24925      0.058275670
       399.26426      0.057711074
       399.27928      0.057162855
       399.29429      0.056629944
       399.30931      0.056107564
       399.32432      0.055595506
       399.33934      0.055094651
       399.35435      0.054604318
       399.36937      0.054123654
       399.38438      0.053651890
       399.39940      0.053188557
       399.41441      0.052733022
       399.42943      0.052284719
       399.44444      0.051808808
       399.45946      0.051337840
       399.47447      0.050873171
       399.48949      0.050414584
       399.50450      0.049961892
       399.51952      0.049515134
       399.53453      0.049074136
       399.54955      0.048638770
       399.56456      0.048215020
       399.57958      0.047810169
       399.59459      0.047410404
       399.60961      0.047015758
       399.62462      0.046626088
       399.63964      0.046241265
       399.65465      0.045861357
       399.66967      0.045486253
       399.68468      0.045127887
       399.69970      0.044799810
       399.71471      0.044475255
       399.72973      0.044154072
       399.74474      0.043836190
       399.75976      0.043521504
       399.77477      0.043210090
       399.78979      0.042901856
       399.80480      0.042596835
       399.81982      0.042294942
       399.83483      0.041996321
       399.84985      0.041700943
       399.86486      0.041408841
       399.87988      0.041120050
       399.89489      0.040834542
       399.90991      0.040552500
       399.92492      0.040273877
       399.93994      0.039998737
       399.95495      0.039711116
       399.96997      0.039400774
       399.98498      0.039103208
       400.00000      0.038817939
       400.01502      0.038544569
       400.03003      0.038282742
       400.04505      0.038032126
       400.06006      0.037792401
       400.07508      0.037523766
       400.09009      0.037183461
       400.10511      0.036846446
       400.12012      0.036512685
       400.13514      0.036182163
       400.15015      0.035854861
       400.16517      0.035530782
       400.18018      0.035209889
       400.19520      0.034892168
       400.21021      0.034594775
       400.22523      0.034308342
       400.24024      0.034024698
       400.25526      0.033743796
       400.27027      0.033465612
       400.28529      0.033190121
       400.30030      0.032917298
       400.31532      0.032647139
       400.33033      0.032379579
       400.34535      0.032114634
       400.36036      0.031852262
       400.37538      0.031592438
       400.39039      0.031335138
       400.40541      0.031080340
       400.42042      0.030828039
       400.43544      0.030578175
       400.45045      0.030330763
       400.46547      0.030091598
       400.48048      0.029865235
       400.49550      0.029641515
       400.51051      0.029420406
       400.52553      0.029201882
       400.54054      0.028985913
       400.55556      0.028772472
       400.57057      0.028561531
       400.58559      0.028353082
       400.60060      0.028147062
       400.61562      0.027943462
       400.63063      0.027742273
       400.64565      0.027543432
       400.66066      0.027346950
       400.67568      0.027152753
       400.69069      0.026960858
       400.70571      0.026771246
       400.72072      0.026583874
       400.73574      0.026398719
       400.75075      0.026215757
       400.76577      0.026034963
       400.78078      0.025856316
       400.79580      0.025679793
       400.81081      0.025505369
       400.82583      0.025332999
       400.84084      0.025162711
       400.85586      0.024994467
       400.87087      0.024828227
       400.88589      0.024663979
       400.90090      0.024501710
       400.91592      0.024341384
       400.93093      0.024182994
       400.94595      0.024026514
       400.96096      0.023871918
       400.97598      0.023719198
       400.99099      0.023568328
       401.00601      0.023419290
       401.02102      0.023272064
       401.03604      0.023126634
       401.05105      0.022982979
       401.06607      0.022841082
       401.08108      0.022700925
       401.09610      0.022562491
       401.11111      0.022422756
       401.12613      0.022247115
       401.14114      0.022073493
       401.15616      0.021901893
       401.17117      0.021732299
       401.18619      0.021564704
       401.20120      0.021399121
       401.21622      0.021235513
       401.23123      0.021073884
       401.24625      0.020904610
       401.26126      0.020723608
       401.27628      0.020544251
       401.29129      0.020366535
       401.30631      0.020190453
       401.32132      0.020016017
       401.33634      0.019843207
       401.35135      0.019672038
       401.36637      0.019502483
       401.38138      0.019301138
       401.39640      0.019090712
       401.41141      0.018881892
       401.42643      0.018674636
       401.44144      0.018468999
       401.45646      0.018265004
       401.47147      0.018062574
       401.48649      0.017861781
       401.50150      0.017660300
       401.51652      0.017439536
       401.53153      0.017220102
       401.54655      0.017001941
       401.56156      0.016785073
       401.57658      0.016569533
       401.59159      0.016355295
       401.60661      0.016142379
       401.62162      0.015930790
       401.63664      0.015710382
       401.65165      0.015478600
       401.66667      0.015248158
       401.68168      0.015019110
       401.69670      0.014791444
       401.71171      0.014565208
       401.72673      0.014340389
       401.74174      0.014116969
       401.75676      0.013894973
       401.77177      0.013670973
       401.78679      0.013447528
       401.80180      0.013225709
       401.81682      0.013005467
       401.83183      0.012786826
       401.84685      0.012569771
       401.86186      0.012354327
       401.87688      0.012140588
       401.89189      0.011928395
       401.90691      0.011717918
       401.92192      0.011509105
       401.93694      0.011301943
       401.95195      0.011096454
       401.96697      0.010892661
       401.98198      0.010690622
       401.99700      0.010490216
       402.01201      0.010291606
       402.02703      0.010059089
       402.04204     0.0097927900
       402.05706     0.0095350603
       402.07207     0.0092859216
       402.08709     0.0090454974
       402.10210     0.0088137330
       402.11712     0.0085908097
       402.13213     0.0083767655
       402.14715     0.0081716046
       402.16216     0.0081234601
       402.17718     0.0081124877
       402.19219     0.0081030604
       402.20721     0.0080950173
       402.22222     0.0080882299
       402.23724     0.0080825116
       402.25225     0.0080777566
       402.26727     0.0080737587
       402.28228     0.0080683863
       402.29730     0.0080518498
       402.31231     0.0080354424
       402.32733     0.0080191101
       402.34234     0.0080028193
       402.35736     0.0079865244
       402.37237     0.0079702185
       402.38739     0.0079538837
       402.40240     0.0079375245
       402.41742     0.0079251209
       402.43243     0.0079166918
       402.44745     0.0079081428
       402.46246     0.0078995407
       402.47748     0.0078909476
       402.49249     0.0078824326
       402.50751     0.0078740603
       402.52252     0.0078659216
       402.53754     0.0078581009
       402.55255     0.0078509958
       402.56757     0.0078459168
       402.58258     0.0078412945
       402.59760     0.0078371801
       402.61261     0.0078336740
       402.62763     0.0078307833
       402.64264     0.0078285845
       402.65766     0.0078271019
       402.67267     0.0078280623
       402.68769     0.0078376953
       402.70270     0.0078480603
       402.71772     0.0078591371
       402.73273     0.0078709124
       402.74775     0.0078833590
       402.76276     0.0078964247
       402.77778     0.0079100804
       402.79279     0.0079242402
       402.80781     0.0079388560
       402.82282     0.0079516829
       402.83784     0.0079643022
       402.85285     0.0079769736
       402.86787     0.0079896571
       402.88288     0.0080022689
       402.89790     0.0080147267
       402.91291     0.0080269707
       402.92793     0.0080389368
       402.94294     0.0080651247
       402.95796     0.0080930154
       402.97297     0.0081201556
       402.98799     0.0081465276
       403.00300     0.0081720993
       403.01802     0.0081968383
       403.03303     0.0082207205
       403.04805     0.0082438042
       403.06306     0.0082660308
       403.07808     0.0082874440
       403.09309     0.0083080935
       403.10811     0.0083280061
       403.12312     0.0083472265
       403.13814     0.0083658059
       403.15315     0.0083838011
       403.16817     0.0084012307
       403.18318     0.0084182130
       403.19820     0.0084348044
       403.21321     0.0084790517
       403.22823     0.0085265228
       403.24324     0.0085735873
       403.25826     0.0086203154
       403.27327     0.0086668489
       403.28829     0.0087133343
       403.30330     0.0087598229
       403.31832     0.0088064220
       403.33333     0.0088600570
       403.34835     0.0089391402
       403.36336     0.0090201813
       403.37838     0.0091030701
       403.39339     0.0091876567
       403.40841     0.0092738211
       403.42342     0.0093614252
       403.43844     0.0094504123
       403.45345     0.0095407036
       403.46847     0.0095663076
       403.48348     0.0095417162
       403.49850     0.0095177095
       403.51351     0.0094942813
       403.52853     0.0094714256
       403.54354     0.0094491318
       403.55856     0.0094273988
       403.57357     0.0094062211
       403.58859     0.0093855883
       403.60360     0.0093854024
       403.61862     0.0093877468
       403.63363     0.0093905626
       403.64865     0.0093938209
       403.66366     0.0093975150
       403.67868     0.0094016611
       403.69369     0.0094062306
       403.70871     0.0094112288
       403.72372     0.0094126856
       403.73874     0.0094026742
       403.75375     0.0093932699
       403.76877     0.0093845135
       403.78378     0.0093763531
       403.79880     0.0093688310
       403.81381     0.0093618937
       403.82883     0.0093555600
       403.84384     0.0093498247
       403.85886     0.0093446825
       403.87387     0.0093401283
       403.88889     0.0093361569
       403.90390     0.0093327360
       403.91892     0.0093299221
       403.93393     0.0093276397
       403.94895     0.0093259469
       403.96396     0.0093247823
       403.97898     0.0093241688
       403.99399     0.0093241305
       404.00901     0.0093246039
       404.02402     0.0093256130
       404.03904     0.0093271295
       404.05405     0.0093291940
       404.06907     0.0093317789
       404.08408     0.0093348476
       404.09910     0.0093384577
       404.11411     0.0093363714
       404.12913     0.0093185777
       404.14414     0.0093015274
       404.15916     0.0092852131
       404.17417     0.0092696309
       404.18919     0.0092547887
       404.20420     0.0092406778
       404.21922     0.0092272871
       404.23423     0.0092146198
       404.24925     0.0092026656
       404.26426     0.0091654829
       404.27928     0.0091275960
       404.29429     0.0090903519
       404.30931     0.0090537541
       404.32432     0.0090178013
       404.33934     0.0089824988
       404.35435     0.0089478316
       404.36937     0.0089138054
       404.38438     0.0088804247
       404.39940     0.0088476758
       404.41441     0.0088155635
       404.42943     0.0087840865
       404.44444     0.0087532492
       404.45946     0.0087230371
       404.47447     0.0086934577
       404.48949     0.0086645118
       404.50450     0.0086361885
       404.51952     0.0085980572
       404.53453     0.0085543991
       404.54955     0.0085111975
       404.56456     0.0084684569
       404.57958     0.0084261812
       404.59459     0.0083843590
       404.60961     0.0083429943
       404.62462     0.0083020963
       404.63964     0.0082616431
       404.65465     0.0082216492
       404.66967     0.0081821129
       404.68468     0.0081430234
       404.69970     0.0081043894
       404.71471     0.0080662000
       404.72973     0.0080284591
       404.74474     0.0079911744
       404.75976     0.0079543270
       404.77477     0.0079179332
       404.78979     0.0078763616
       404.80480     0.0078321690
       404.81982     0.0077883012
       404.83483     0.0077447931
       404.84985     0.0077016318
       404.86486     0.0076588076
       404.87988     0.0076163279
       404.89489     0.0075741830
       404.90991     0.0075323949
       404.92492     0.0074909246
       404.93994     0.0074497940
       404.95495     0.0074090080
       404.96997     0.0073685450
       404.98498     0.0073284241
       405.00000     0.0072886243
