;   
;  IMD Data
;   
;  Saved on Wed Aug 16 11:12:59 2023
;   
;  Structure: 
;   
;  [ScN/CrN2] multilayer, N=300, d=1.56 nm, Gamma=0.570
;      ScN layer (1), rho=4.270 g/cm3, z=0.89 nm, sigma[CrN2/ScN]=0.40 nm
;      CrN2 layer (2), rho=5.090 g/cm3, z=0.67 nm, sigma=0.40 nm
;  Si substrate
;   
;  
;   
;  Theta=0.000 deg
;   
;  E [eV] 	R
       390.00000    0.00015323236
       390.01502    0.00015976163
       390.03003    0.00016611152
       390.04505    0.00017225205
       390.06006    0.00017814587
       390.07508    0.00018376509
       390.09009    0.00018907661
       390.10511    0.00019404924
       390.12012    0.00019865906
       390.13514    0.00020287795
       390.15015    0.00020667989
       390.16517    0.00021004664
       390.18018    0.00021295470
       390.19520    0.00021539023
       390.21021    0.00021733643
       390.22523    0.00021877941
       390.24024    0.00021971264
       390.25526    0.00022012634
       390.27027    0.00022001912
       390.28529    0.00021938846
       390.30030    0.00021823507
       390.31532    0.00021656592
       390.33033    0.00021438772
       390.34535    0.00021171002
       390.36036    0.00020854817
       390.37538    0.00020491721
       390.39039    0.00020083759
       390.40541    0.00019633069
       390.42042    0.00019142118
       390.43544    0.00018613630
       390.45045    0.00018050552
       390.46547    0.00017456093
       390.48048    0.00016833639
       390.49550    0.00016186841
       390.51051    0.00015519376
       390.52553    0.00014835256
       390.54054    0.00014138495
       390.55556    0.00013433310
       390.57057    0.00012724073
       390.58559    0.00012014980
       390.60060    0.00011310519
       390.61562    0.00010615188
       390.63063   9.9333069e-005
       390.64565   9.2693463e-005
       390.66066   8.6277306e-005
       390.67568   8.0126638e-005
       390.69069   7.4283423e-005
       390.70571   6.8789215e-005
       390.72072   6.3682208e-005
       390.73574   5.9000560e-005
       390.75075   5.4780292e-005
       390.76577   5.1054304e-005
       390.78078   4.7854035e-005
       390.79580   4.5207800e-005
       390.81081   4.3141769e-005
       390.82583   4.1678847e-005
       390.84084   4.0839014e-005
       390.85586   4.0638569e-005
       390.87087   4.1091361e-005
       390.88589   4.2207107e-005
       390.90090   4.3991472e-005
       390.91592   4.6448241e-005
       390.93093   4.9575114e-005
       390.94595   5.3369034e-005
       390.96096   5.7820772e-005
       390.97598   6.2916811e-005
       390.99099   6.8643819e-005
       391.00601   7.4980845e-005
       391.02102   8.1903402e-005
       391.03604   8.9388077e-005
       391.05105   9.7401159e-005
       391.06607    0.00010591333
       391.08108    0.00011488598
       391.09610    0.00012427789
       391.11111    0.00013405144
       391.12613    0.00014415693
       391.14114    0.00015455260
       391.15616    0.00016518639
       391.17117    0.00017600505
       391.18619    0.00018696151
       391.20120    0.00019799895
       391.21622    0.00020905928
       391.23123    0.00022009308
       391.24625    0.00023103752
       391.26126    0.00024184349
       391.27628    0.00025245135
       391.29129    0.00026280212
       391.30631    0.00027284769
       391.32132    0.00028252745
       391.33634    0.00029179637
       391.35135    0.00030060026
       391.36637    0.00030888750
       391.38138    0.00031661833
       391.39640    0.00032374296
       391.41141    0.00033022677
       391.42643    0.00033602945
       391.44144    0.00034111393
       391.45646    0.00034545539
       391.47147    0.00034902436
       391.48649    0.00035179582
       391.50150    0.00035375633
       391.51652    0.00035488715
       391.53153    0.00035518322
       391.54655    0.00035463730
       391.56156    0.00035324768
       391.57658    0.00035102203
       391.59159    0.00034796661
       391.60661    0.00034409841
       391.62162    0.00033954518
       391.63664    0.00033420793
       391.65165    0.00032807847
       391.66667    0.00032119051
       391.68168    0.00031358261
       391.69670    0.00030529935
       391.71171    0.00029638947
       391.72673    0.00028690660
       391.74174    0.00027690738
       391.75676    0.00026645377
       391.77177    0.00025561051
       391.78679    0.00024444688
       391.80180    0.00023303461
       391.81682    0.00022144676
       391.83183    0.00020975952
       391.84685    0.00019805250
       391.86186    0.00018640462
       391.87688    0.00017489560
       391.89189    0.00016360724
       391.90691    0.00015262198
       391.92192    0.00014201856
       391.93694    0.00013187634
       391.95195    0.00012227521
       391.96697    0.00011329067
       391.98198    0.00010499605
       391.99700   9.7464213e-005
       392.01201   9.0761533e-005
       392.02703   8.4952477e-005
       392.04204   8.0096708e-005
       392.05706   7.6250143e-005
       392.07207   7.3462891e-005
       392.08709   7.1779555e-005
       392.10210   7.1239930e-005
       392.11712   7.1876713e-005
       392.13213   7.3717002e-005
       392.14715   7.6781958e-005
       392.16216   8.1083678e-005
       392.17718   8.6629416e-005
       392.19219   9.3420157e-005
       392.20721    0.00010144538
       392.22222    0.00011069137
       392.23724    0.00012113543
       392.25225    0.00013275096
       392.26727    0.00014549633
       392.28228    0.00015932972
       392.29730    0.00017420018
       392.31231    0.00019005264
       392.32733    0.00020681773
       392.34234    0.00022442737
       392.35736    0.00024280882
       392.37237    0.00026187268
       392.38739    0.00028153458
       392.40240    0.00030170794
       392.41742    0.00032228746
       392.43243    0.00034317704
       392.44745    0.00036427321
       392.46246    0.00038547447
       392.47748    0.00040666254
       392.49249    0.00042773349
       392.50751    0.00044857584
       392.52252    0.00046908338
       392.53754    0.00048913563
       392.55255    0.00050862721
       392.56757    0.00052745601
       392.58258    0.00054550602
       392.59760    0.00056267939
       392.61261    0.00057888172
       392.62763    0.00059400848
       392.64264    0.00060797519
       392.65766    0.00062069711
       392.67267    0.00063210015
       392.68769    0.00064210421
       392.70270    0.00065064920
       392.71772    0.00065767841
       392.73273    0.00066314671
       392.74775    0.00066700706
       392.76276    0.00066923204
       392.77778    0.00066980264
       392.79279    0.00066870140
       392.80781    0.00066592834
       392.82282    0.00066149342
       392.83784    0.00065541030
       392.85285    0.00064770925
       392.86787    0.00063842922
       392.88288    0.00062761841
       392.89790    0.00061533393
       392.91291    0.00060164550
       392.92793    0.00058663138
       392.94294    0.00057037921
       392.95796    0.00055298663
       392.97297    0.00053455755
       392.98799    0.00051520590
       393.00300    0.00049505445
       393.01802    0.00047423140
       393.03303    0.00045287179
       393.04805    0.00043111712
       393.06306    0.00040911367
       393.07808    0.00038701225
       393.09309    0.00036496568
       393.10811    0.00034313543
       393.12312    0.00032167718
       393.13814    0.00030075053
       393.15315    0.00028051769
       393.16817    0.00026114001
       393.18318    0.00024277380
       393.19820    0.00022557295
       393.21321    0.00020969281
       393.22823    0.00019527752
       393.24324    0.00018246949
       393.25826    0.00017140322
       393.27327    0.00016220822
       393.28829    0.00015500322
       393.30330    0.00014989918
       393.31832    0.00014699633
       393.33333    0.00014638486
       393.34835    0.00014814348
       393.36336    0.00015234028
       393.37838    0.00015902651
       393.39339    0.00016824435
       393.40841    0.00018002340
       393.42342    0.00019437174
       393.43844    0.00021129012
       393.45345    0.00023076164
       393.46847    0.00025276081
       393.48348    0.00027723257
       393.49850    0.00030411972
       393.51351    0.00033335190
       393.52853    0.00036482715
       393.54354    0.00039844420
       393.55856    0.00043408556
       393.57357    0.00047162415
       393.58859    0.00051089883
       393.60360    0.00055175715
       393.61862    0.00059403491
       393.63363    0.00063753544
       393.64865    0.00068207262
       393.66366    0.00072744390
       393.67868    0.00077344804
       393.69369    0.00081984610
       393.70871    0.00086642570
       393.72372    0.00091296591
       393.73874    0.00095921265
       393.75375     0.0010049398
       393.76877     0.0010499098
       393.78378     0.0010938945
       393.79880     0.0011366392
       393.81381     0.0011779202
       393.82883     0.0012175187
       393.84384     0.0012551909
       393.85886     0.0012918973
       393.87387     0.0013270090
       393.88889     0.0013594551
       393.90390     0.0013890345
       393.91892     0.0014155518
       393.93393     0.0014388270
       393.94895     0.0014587036
       393.96396     0.0014750231
       393.97898     0.0014876666
       393.99399     0.0014965292
       394.00901     0.0015015284
       394.02402     0.0015026090
       394.03904     0.0014997251
       394.05405     0.0014928710
       394.06907     0.0014820612
       394.08408     0.0014673364
       394.09910     0.0014487670
       394.11411     0.0014264403
       394.12913     0.0014004810
       394.14414     0.0013710372
       394.15916     0.0013382838
       394.17417     0.0013024238
       394.18919     0.0012636814
       394.20420     0.0012222240
       394.21922     0.0011783158
       394.23423     0.0011323465
       394.24925     0.0010846472
       394.26426     0.0010355668
       394.27928    0.00098546708
       394.29429    0.00093474096
       394.30931    0.00088378668
       394.32432    0.00083301344
       394.33934    0.00078286308
       394.35435    0.00073376687
       394.36937    0.00068616716
       394.38438    0.00064051477
       394.39940    0.00059726936
       394.41441    0.00055688318
       394.42943    0.00051980046
       394.44444    0.00048646815
       394.45946    0.00045732361
       394.47447    0.00043278823
       394.48949    0.00041327138
       394.50450    0.00039916426
       394.51952    0.00039084192
       394.53453    0.00038865150
       394.54955    0.00039291647
       394.56456    0.00040393206
       394.57958    0.00042196587
       394.59459    0.00044724299
       394.60961    0.00047995916
       394.62462    0.00052027217
       394.63964    0.00056830154
       394.65465    0.00062412665
       394.66967    0.00068776497
       394.68468    0.00075921506
       394.69970    0.00083841086
       394.71471    0.00092524993
       394.72973     0.0010195982
       394.74474     0.0011212173
       394.75976     0.0012298756
       394.77477     0.0013452817
       394.78979     0.0014670791
       394.80480     0.0015949015
       394.81982     0.0017282801
       394.83483     0.0018667384
       394.84985     0.0020097587
       394.86486     0.0021567830
       394.87988     0.0023072167
       394.89489     0.0024603802
       394.90991     0.0026156309
       394.92492     0.0027722504
       394.93994     0.0029295159
       394.95495     0.0030867076
       394.96997     0.0032429851
       394.98498     0.0033975935
       395.00000     0.0035497398
       395.01502     0.0036986040
       395.03003     0.0038434113
       395.04505     0.0039833078
       395.06006     0.0041175106
       395.07508     0.0042452401
       395.09009     0.0043657331
       395.10511     0.0044808189
       395.12012     0.0045918352
       395.13514     0.0046928910
       395.15015     0.0047831900
       395.16517     0.0048620730
       395.18018     0.0049289086
       395.19520     0.0049831462
       395.21021     0.0050242460
       395.22523     0.0050518041
       395.24024     0.0050654822
       395.25526     0.0050650396
       395.27027     0.0050502838
       395.28529     0.0050211782
       395.30030     0.0049777643
       395.31532     0.0049201958
       395.33033     0.0048487410
       395.34535     0.0047637894
       395.36036     0.0046658424
       395.37538     0.0045555510
       395.39039     0.0044336734
       395.40541     0.0043010951
       395.42042     0.0041588645
       395.43544     0.0040081261
       395.45045     0.0038501803
       395.46547     0.0036864740
       395.48048     0.0035185497
       395.49550     0.0033481138
       395.51051     0.0031770059
       395.52553     0.0030071667
       395.54054     0.0028406477
       395.55556     0.0026796893
       395.57057     0.0025265722
       395.58559     0.0023837062
       395.60060     0.0022535822
       395.61562     0.0021388347
       395.63063     0.0020421069
       395.64565     0.0019661844
       395.66066     0.0019138554
       395.67568     0.0018879738
       395.69069     0.0018914351
       395.70571     0.0019271480
       395.72072     0.0019980541
       395.73574     0.0021070324
       395.75075     0.0022569895
       395.76577     0.0024507898
       395.78078     0.0026912598
       395.79580     0.0029810610
       395.81081     0.0033228924
       395.82583     0.0037192640
       395.84084     0.0041726883
       395.85586     0.0046853411
       395.87087     0.0052593743
       395.88589     0.0058967810
       395.90090     0.0065994979
       395.91592     0.0073688325
       395.93093     0.0082063018
       395.94595     0.0091131118
       395.96096      0.010090256
       395.97598      0.011138157
       395.99099      0.012257447
       396.00601      0.013448377
       396.02102      0.014710532
       396.03604      0.016043790
       396.05105      0.017447379
       396.06607      0.018920686
       396.08108      0.020462125
       396.09610      0.022070311
       396.11111      0.023749701
       396.12613      0.025571673
       396.14114      0.027461093
       396.15616      0.029415586
       396.17117      0.031431906
       396.18619      0.033506875
       396.20120      0.035636684
       396.21622      0.037817946
       396.23123      0.040046073
       396.24625      0.042317071
       396.26126      0.044626778
       396.27628      0.046969993
       396.29129      0.049342420
       396.30631      0.051738861
       396.32132      0.054154490
       396.33634      0.056583892
       396.35135      0.059022399
       396.36637      0.061464165
       396.38138      0.063904456
       396.39640      0.066337676
       396.41141      0.068758804
       396.42643      0.071162277
       396.44144      0.073543439
       396.45646      0.075896549
       396.47147      0.078217092
       396.48649      0.080499763
       396.50150      0.082821998
       396.51652      0.085119842
       396.53153      0.087362980
       396.54655      0.089546265
       396.56156      0.091664943
       396.57658      0.093714423
       396.59159      0.095690116
       396.60661      0.097587815
       396.62162      0.099403452
       396.63664       0.10113320
       396.65165       0.10277333
       396.66667       0.10432066
       396.68168       0.10577155
       396.69670       0.10712317
       396.71171       0.10837277
       396.72673       0.10951780
       396.74174       0.11055590
       396.75676       0.11148498
       396.77177       0.11230314
       396.78679       0.11300874
       396.80180       0.11360033
       396.81682       0.11407666
       396.83183       0.11443681
       396.84685       0.11467997
       396.86186       0.11480569
       396.87688       0.11481405
       396.89189       0.11471930
       396.90691       0.11450282
       396.92192       0.11415988
       396.93694       0.11369104
       396.95195       0.11309733
       396.96697       0.11237983
       396.98198       0.11153987
       396.99700       0.11057930
       397.01201       0.10949998
       397.02703       0.10830400
       397.04204       0.10699405
       397.05706       0.10557275
       397.07207       0.10404298
       397.08709       0.10240826
       397.10210       0.10067201
       397.11712      0.098837874
       397.13213      0.096859759
       397.14715      0.094774430
       397.16216      0.092598151
       397.17718      0.090336665
       397.19219      0.087995440
       397.20721      0.085580366
       397.22222      0.083097887
       397.23724      0.080554418
       397.25225      0.077956401
       397.26727      0.075258757
       397.28228      0.072467966
       397.29730      0.069648381
       397.31231      0.066808286
       397.32733      0.063955573
       397.34234      0.061098207
       397.35736      0.058244679
       397.37237      0.055402985
       397.38739      0.052533645
       397.40240      0.049644495
       397.41742      0.046793287
       397.43243      0.043988618
       397.44745      0.041239285
       397.46246      0.038553246
       397.47748      0.035938361
       397.49249      0.033402239
       397.50751      0.030951690
       397.52252      0.028499527
       397.53754      0.026148166
       397.55255      0.023922069
       397.56757      0.021824437
       397.58258      0.019857917
       397.59760      0.018024230
       397.61261      0.016324183
       397.62763      0.014757771
       397.64264      0.013319787
       397.65766      0.011999405
       397.67267      0.010820471
       397.68769     0.0097783257
       397.70270     0.0088675358
       397.71772     0.0080821000
       397.73273     0.0074157071
       397.74775     0.0068614188
       397.76276     0.0064119907
       397.77778     0.0060724465
       397.79279     0.0058344600
       397.80781     0.0056774773
       397.82282     0.0055924401
       397.83784     0.0055704668
       397.85285     0.0056029690
       397.86787     0.0056817072
       397.88288     0.0057987991
       397.89790     0.0059467846
       397.91291     0.0061186481
       397.92793     0.0063078429
       397.94294     0.0065083147
       397.95796     0.0067145003
       397.97297     0.0069213536
       397.98799     0.0071243395
       398.00300     0.0073194183
       398.01802     0.0075030627
       398.03303     0.0076503403
       398.04805     0.0077722703
       398.06306     0.0078711009
       398.07808     0.0079465271
       398.09309     0.0079985880
       398.10811     0.0080276314
       398.12312     0.0080342683
       398.13814     0.0080193105
       398.15315     0.0079838436
       398.16817     0.0079290543
       398.18318     0.0078562686
       398.19820     0.0077669110
       398.21321     0.0076624981
       398.22823     0.0075445805
       398.24324     0.0074147349
       398.25826     0.0072745676
       398.27327     0.0071259052
       398.28829     0.0069721181
       398.30330     0.0068143308
       398.31832     0.0066536634
       398.33333     0.0064911959
       398.34835     0.0063279548
       398.36336     0.0061648785
       398.37838     0.0060028309
       398.39339     0.0058426483
       398.40841     0.0056877495
       398.42342     0.0055371531
       398.43844     0.0053891150
       398.45345     0.0052442112
       398.46847     0.0051029742
       398.48348     0.0049658915
       398.49850     0.0048333765
       398.51351     0.0047057740
       398.52853     0.0045834048
       398.54354     0.0044661057
       398.55856     0.0043533584
       398.57357     0.0042467416
       398.58859     0.0041463442
       398.60360     0.0040503468
       398.61862     0.0039558697
       398.63363     0.0038694800
       398.64865     0.0037911357
       398.66366     0.0037207025
       398.67868     0.0036579828
       398.69369     0.0036026910
       398.70871     0.0035544798
       398.72372     0.0035129611
       398.73874     0.0034776874
       398.75375     0.0034481751
       398.76877     0.0034239234
       398.78378     0.0034043997
       398.79880     0.0033890602
       398.81381     0.0033860157
       398.82883     0.0033837408
       398.84384     0.0033810180
       398.85886     0.0033775983
       398.87387     0.0033732827
       398.88889     0.0033679183
       398.90390     0.0033614139
       398.91892     0.0033499125
       398.93393     0.0033351824
       398.94895     0.0033199364
       398.96396     0.0033041437
       398.97898     0.0032877861
       398.99399     0.0032708637
       399.00901     0.0032533819
       399.02402     0.0032353478
       399.03904     0.0032167899
       399.05405     0.0031977335
       399.06907     0.0031782093
       399.08408     0.0031582589
       399.09910     0.0031379206
       399.11411     0.0031172349
       399.12913     0.0030962511
       399.14414     0.0030750128
       399.15916     0.0030535638
       399.17417     0.0030319549
       399.18919     0.0030102294
       399.20420     0.0029884308
       399.21922     0.0029666045
       399.23423     0.0029447913
       399.24925     0.0029230284
       399.26426     0.0029013583
       399.27928     0.0028798141
       399.29429     0.0028584265
       399.30931     0.0028371253
       399.32432     0.0028160497
       399.33934     0.0027953018
       399.35435     0.0027749037
       399.36937     0.0027548689
       399.38438     0.0027352170
       399.39940     0.0027159444
       399.41441     0.0026970631
       399.42943     0.0026785826
       399.44444     0.0026582510
       399.45946     0.0026382602
       399.47447     0.0026186950
       399.48949     0.0025995457
       399.50450     0.0025808028
       399.51952     0.0025624615
       399.53453     0.0025445118
       399.54955     0.0025269436
       399.56456     0.0025099483
       399.57958     0.0024937471
       399.59459     0.0024778752
       399.60961     0.0024623305
       399.62462     0.0024471047
       399.63964     0.0024321895
       399.65465     0.0024175818
       399.66967     0.0024032730
       399.68468     0.0023894256
       399.69970     0.0023762041
       399.71471     0.0023632229
       399.72973     0.0023504758
       399.74474     0.0023379622
       399.75976     0.0023256795
       399.77477     0.0023136259
       399.78979     0.0023017930
       399.80480     0.0022901828
       399.81982     0.0022787859
       399.83483     0.0022675972
       399.84985     0.0022566159
       399.86486     0.0022458317
       399.87988     0.0022352403
       399.89489     0.0022248354
       399.90991     0.0022146125
       399.92492     0.0022045607
       399.93994     0.0021946797
       399.95495     0.0021875057
       399.96997     0.0021859066
       399.98498     0.0021848499
       400.00000     0.0021843410
       400.01502     0.0021843829
       400.03003     0.0021849802
       400.04505     0.0021861315
       400.06006     0.0021878339
       400.07508     0.0021835749
       400.09009     0.0021668609
       400.10511     0.0021503273
       400.12012     0.0021339765
       400.13514     0.0021178070
       400.15015     0.0021018172
       400.16517     0.0020860099
       400.18018     0.0020703833
       400.19520     0.0020549360
       400.21021     0.0020401106
       400.22523     0.0020256394
       400.24024     0.0020113064
       400.25526     0.0019971133
       400.27027     0.0019830572
       400.28529     0.0019691364
       400.30030     0.0019553517
       400.31532     0.0019417011
       400.33033     0.0019281827
       400.34535     0.0019147973
       400.36036     0.0019015431
       400.37538     0.0018884176
       400.39039     0.0018754222
       400.40541     0.0018625551
       400.42042     0.0018498138
       400.43544     0.0018371996
       400.45045     0.0018247108
       400.46547     0.0018131283
       400.48048     0.0018030499
       400.49550     0.0017931030
       400.51051     0.0017832846
       400.52553     0.0017735976
       400.54054     0.0017640390
       400.55556     0.0017546064
       400.57057     0.0017453010
       400.58559     0.0017359494
       400.60060     0.0017266904
       400.61562     0.0017175559
       400.63063     0.0017085512
       400.64565     0.0016996663
       400.66066     0.0016909038
       400.67568     0.0016822627
       400.69069     0.0016737419
       400.70571     0.0016653427
       400.72072     0.0016570580
       400.73574     0.0016488918
       400.75075     0.0016408419
       400.76577     0.0016329071
       400.78078     0.0016250864
       400.79580     0.0016173789
       400.81081     0.0016097818
       400.82583     0.0016022997
       400.84084     0.0015949256
       400.85586     0.0015876607
       400.87087     0.0015805041
       400.88589     0.0015734547
       400.90090     0.0015665118
       400.91592     0.0015596725
       400.93093     0.0015529394
       400.94595     0.0015463120
       400.96096     0.0015397853
       400.97598     0.0015333604
       400.99099     0.0015270363
       401.00601     0.0015208103
       401.02102     0.0015146853
       401.03604     0.0015086587
       401.05105     0.0015027294
       401.06607     0.0014968987
       401.08108     0.0014911617
       401.09610     0.0014855195
       401.11111     0.0014797795
       401.12613     0.0014717831
       401.14114     0.0014639277
       401.15616     0.0014562131
       401.17117     0.0014486389
       401.18619     0.0014412069
       401.20120     0.0014339132
       401.21622     0.0014267596
       401.23123     0.0014197458
       401.24625     0.0014116943
       401.26126     0.0014021145
       401.27628     0.0013926522
       401.29129     0.0013833072
       401.30631     0.0013740814
       401.32132     0.0013649711
       401.33634     0.0013559780
       401.35135     0.0013471017
       401.36637     0.0013383424
       401.38138     0.0013269256
       401.39640     0.0013147541
       401.41141     0.0013027174
       401.42643     0.0012908172
       401.44144     0.0012790521
       401.45646     0.0012674240
       401.47147     0.0012559335
       401.48649     0.0012445810
       401.50150     0.0012329565
       401.51652     0.0012177329
       401.53153     0.0012026173
       401.54655     0.0011876105
       401.56156     0.0011727121
       401.57658     0.0011579231
       401.59159     0.0011432438
       401.60661     0.0011286748
       401.62162     0.0011142153
       401.63664     0.0010988752
       401.65165     0.0010823979
       401.66667     0.0010660449
       401.68168     0.0010498132
       401.69670     0.0010337076
       401.71171     0.0010177277
       401.72673     0.0010018744
       401.74174    0.00098614729
       401.75676    0.00097054991
       401.77177    0.00095398487
       401.78679    0.00093725499
       401.80180    0.00092066782
       401.81682    0.00090421975
       401.83183    0.00088791742
       401.84685    0.00087175602
       401.86186    0.00085573929
       401.87688    0.00083984845
       401.89189    0.00082412375
       401.90691    0.00080854906
       401.92192    0.00079311965
       401.93694    0.00077784186
       401.95195    0.00076271202
       401.96697    0.00074773160
       401.98198    0.00073290511
       401.99700    0.00071822790
       402.01201    0.00070370342
       402.02703    0.00068279697
       402.04204    0.00065513688
       402.05706    0.00062832412
       402.07207    0.00060235618
       402.08709    0.00057723010
       402.10210    0.00055294451
       402.11712    0.00052949347
       402.13213    0.00050687780
       402.14715    0.00048508909
       402.16216    0.00047711592
       402.17718    0.00047244050
       402.19219    0.00046795925
       402.20721    0.00046366167
       402.22222    0.00045954064
       402.23724    0.00045558909
       402.25225    0.00045180134
       402.26727    0.00044817230
       402.28228    0.00044474204
       402.29730    0.00044166787
       402.31231    0.00043867553
       402.32733    0.00043576409
       402.34234    0.00043293508
       402.35736    0.00043018961
       402.37237    0.00042752906
       402.38739    0.00042495500
       402.40240    0.00042246913
       402.41742    0.00042049376
       402.43243    0.00041902883
       402.44745    0.00041763973
       402.46246    0.00041632909
       402.47748    0.00041509789
       402.49249    0.00041394743
       402.50751    0.00041287809
       402.52252    0.00041188977
       402.53754    0.00041098247
       402.55255    0.00041026030
       402.56757    0.00041011042
       402.58258    0.00041000695
       402.59760    0.00040994739
       402.61261    0.00040992887
       402.62763    0.00040994818
       402.64264    0.00041000182
       402.65766    0.00041008601
       402.67267    0.00041032878
       402.68769    0.00041119598
       402.70270    0.00041207192
       402.71772    0.00041295265
       402.73273    0.00041383261
       402.74775    0.00041470811
       402.76276    0.00041557443
       402.77778    0.00041642714
       402.79279    0.00041726406
       402.80781    0.00041807985
       402.82282    0.00041900535
       402.83784    0.00041992282
       402.85285    0.00042080879
       402.86787    0.00042166311
       402.88288    0.00042248608
       402.89790    0.00042327840
       402.91291    0.00042404181
       402.92793    0.00042477647
       402.94294    0.00042656368
       402.95796    0.00042849044
       402.97297    0.00043038756
       402.98799    0.00043225668
       403.00300    0.00043410417
       403.01802    0.00043593188
       403.03303    0.00043774684
       403.04805    0.00043954949
       403.06306    0.00044134659
       403.07808    0.00044313954
       403.09309    0.00044493280
       403.10811    0.00044673052
       403.12312    0.00044853313
       403.13814    0.00045035299
       403.15315    0.00045217508
       403.16817    0.00045400753
       403.18318    0.00045585244
       403.19820    0.00045771205
       403.21321    0.00046139616
       403.22823    0.00046534585
       403.24324    0.00046931512
       403.25826    0.00047330119
       403.27327    0.00047730129
       403.28829    0.00048130945
       403.30330    0.00048532165
       403.31832    0.00048933327
       403.33333    0.00049456244
       403.34835    0.00050412252
       403.36336    0.00051378875
       403.37838    0.00052356185
       403.39339    0.00053344208
       403.40841    0.00054343091
       403.42342    0.00055352447
       403.43844    0.00056372405
       403.45345    0.00057402694
       403.46847    0.00057869367
       403.48348    0.00057898106
       403.49850    0.00057930401
       403.51351    0.00057966229
       403.52853    0.00058005607
       403.54354    0.00058048432
       403.55856    0.00058094787
       403.57357    0.00058144510
       403.58859    0.00058197645
       403.60360    0.00058411496
       403.61862    0.00058644384
       403.63363    0.00058880038
       403.64865    0.00059118427
       403.66366    0.00059359584
       403.67868    0.00059603412
       403.69369    0.00059849810
       403.70871    0.00060098813
       403.72372    0.00060326082
       403.73874    0.00060483087
       403.75375    0.00060644379
       403.76877    0.00060809920
       403.78378    0.00060979671
       403.79880    0.00061153661
       403.81381    0.00061331718
       403.82883    0.00061513871
       403.84384    0.00061700082
       403.85886    0.00061890490
       403.87387    0.00062084703
       403.88889    0.00062282861
       403.90390    0.00062484926
       403.91892    0.00062690926
       403.93393    0.00062900693
       403.94895    0.00063114257
       403.96396    0.00063331580
       403.97898    0.00063552626
       403.99399    0.00063777359
       404.00901    0.00064005744
       404.02402    0.00064237744
       404.03904    0.00064473390
       404.05405    0.00064712715
       404.06907    0.00064955352
       404.08408    0.00065201466
       404.09910    0.00065451020
       404.11411    0.00065662310
       404.12913    0.00065767716
       404.14414    0.00065878784
       404.15916    0.00065995453
       404.17417    0.00066117678
       404.18919    0.00066245450
       404.20420    0.00066378691
       404.21922    0.00066517493
       404.23423    0.00066661719
       404.24925    0.00066811465
       404.26426    0.00066728562
       404.27928    0.00066638017
       404.29429    0.00066552528
       404.30931    0.00066471968
       404.32432    0.00066396421
       404.33934    0.00066325984
       404.35435    0.00066260449
       404.36937    0.00066199909
       404.38438    0.00066144796
       404.39940    0.00066094351
       404.41441    0.00066048772
       404.42943    0.00066008226
       404.44444    0.00065972701
       404.45946    0.00065942016
       404.47447    0.00065916283
       404.48949    0.00065895621
       404.50450    0.00065879773
       404.51952    0.00065748841
       404.53453    0.00065552636
       404.54955    0.00065360030
       404.56456    0.00065170897
       404.57958    0.00064985327
       404.59459    0.00064803238
       404.60961    0.00064624660
       404.62462    0.00064449584
       404.63964    0.00064278049
       404.65465    0.00064109959
       404.66967    0.00063945407
       404.68468    0.00063784272
       404.69970    0.00063626602
       404.71471    0.00063472443
       404.72973    0.00063321685
       404.74474    0.00063174372
       404.75976    0.00063030495
       404.77477    0.00062890105
       404.78979    0.00062676212
       404.80480    0.00062424054
       404.81982    0.00062174494
       404.83483    0.00061927539
       404.84985    0.00061683172
       404.86486    0.00061441384
       404.87988    0.00061202165
       404.89489    0.00060965507
       404.90991    0.00060731455
       404.92492    0.00060499895
       404.93994    0.00060270868
       404.95495    0.00060044368
       404.96997    0.00059820385
       404.98498    0.00059598910
       405.00000    0.00059379936
