;   
;  IMD Data
;   
;  Saved on Fri Aug 11 10:30:58 2023
;   
;  Structure: 
;   
;  [ScN/Cr] multilayer, N=300, d=1.56 nm, Gamma=0.570
;      ScN layer (1), rho=4.270 g/cm3, z=0.89 nm
;      Cr layer (2), z=0.67 nm
;  Si substrate
;   
;  
;   
;  Theta=0.000 deg
;   
;  E [eV] 	R
       390.00000     0.0015876185
       390.01502     0.0016744019
       390.03003     0.0017657841
       390.04505     0.0018614071
       390.06006     0.0019607852
       390.07508     0.0020635180
       390.09009     0.0021690943
       390.10511     0.0022769882
       390.12012     0.0023867386
       390.13514     0.0024977809
       390.15015     0.0026095415
       390.16517     0.0027215279
       390.18018     0.0028331124
       390.19520     0.0029438017
       390.21021     0.0030530003
       390.22523     0.0031601135
       390.24024     0.0032646548
       390.25526     0.0033660110
       390.27027     0.0034637247
       390.28529     0.0035572440
       390.30030     0.0036460421
       390.31532     0.0037297074
       390.33033     0.0038077559
       390.34535     0.0038797416
       390.36036     0.0039453311
       390.37538     0.0040041032
       390.39039     0.0040557900
       390.40541     0.0041000790
       390.42042     0.0041366883
       390.43544     0.0041654648
       390.45045     0.0041861999
       390.46547     0.0041988029
       390.48048     0.0042031783
       390.49550     0.0041992829
       390.51051     0.0041871533
       390.52553     0.0041668321
       390.54054     0.0041384380
       390.55556     0.0041021180
       390.57057     0.0040580729
       390.58559     0.0040065497
       390.60060     0.0039478476
       390.61562     0.0038822801
       390.63063     0.0038102414
       390.64565     0.0037321566
       390.66066     0.0036484644
       390.67568     0.0035596800
       390.69069     0.0034663112
       390.70571     0.0033689484
       390.72072     0.0032681515
       390.73574     0.0031645666
       390.75075     0.0030588207
       390.76577     0.0029515740
       390.78078     0.0028435326
       390.79580     0.0027353492
       390.81081     0.0026277580
       390.82583     0.0025214544
       390.84084     0.0024171525
       390.85586     0.0023155556
       390.87087     0.0022173691
       390.88589     0.0021232732
       390.90090     0.0020339748
       390.91592     0.0019501061
       390.93093     0.0018723095
       390.94595     0.0018012011
       390.96096     0.0017373522
       390.97598     0.0016813306
       390.99099     0.0016336235
       391.00601     0.0015947204
       391.02102     0.0015650322
       391.03604     0.0015449532
       391.05105     0.0015348019
       391.06607     0.0015348613
       391.08108     0.0015453608
       391.09610     0.0015664508
       391.11111     0.0015982690
       391.12613     0.0016408383
       391.14114     0.0016941782
       391.15616     0.0017582081
       391.17117     0.0018327767
       391.18619     0.0019177350
       391.20120     0.0020128117
       391.21622     0.0021176659
       391.23123     0.0022319866
       391.24625     0.0023552805
       391.26126     0.0024871383
       391.27628     0.0026269931
       391.29129     0.0027742147
       391.30631     0.0029282501
       391.32132     0.0030883389
       391.33634     0.0032538490
       391.35135     0.0034239807
       391.36637     0.0035978988
       391.38138     0.0037748713
       391.39640     0.0039539592
       391.41141     0.0041343916
       391.42643     0.0043152494
       391.44144     0.0044955759
       391.45646     0.0046745795
       391.47147     0.0048513075
       391.48649     0.0050248068
       391.50150     0.0051943007
       391.51652     0.0053588068
       391.53153     0.0055175750
       391.54655     0.0056697207
       391.56156     0.0058143855
       391.57658     0.0059509111
       391.59159     0.0060784624
       391.60661     0.0061964474
       391.62162     0.0063092264
       391.63664     0.0064121311
       391.65165     0.0065030479
       391.66667     0.0065814753
       391.68168     0.0066468753
       391.69670     0.0066988843
       391.71171     0.0067371803
       391.72673     0.0067615319
       391.74174     0.0067717492
       391.75676     0.0067677668
       391.77177     0.0067496058
       391.78679     0.0067173201
       391.80180     0.0066711038
       391.81682     0.0066112230
       391.83183     0.0065380334
       391.84685     0.0064519524
       391.86186     0.0063534946
       391.87688     0.0062432944
       391.89189     0.0061220155
       391.90691     0.0059904225
       391.92192     0.0058493535
       391.93694     0.0056997103
       391.95195     0.0055424789
       391.96697     0.0053786925
       391.98198     0.0052094362
       391.99700     0.0050358785
       392.01201     0.0048592014
       392.02703     0.0046806397
       392.04204     0.0045014463
       392.05706     0.0043229418
       392.07207     0.0041464266
       392.08709     0.0039732215
       392.10210     0.0038046414
       392.11712     0.0036420382
       392.13213     0.0034867085
       392.14715     0.0033399327
       392.16216     0.0032029944
       392.17718     0.0030771076
       392.19219     0.0029634450
       392.20721     0.0028631501
       392.22222     0.0027772802
       392.23724     0.0027068332
       392.25225     0.0026527314
       392.26727     0.0026158145
       392.28228     0.0025968307
       392.29730     0.0025964412
       392.31231     0.0026151949
       392.32733     0.0026535263
       392.34234     0.0027117797
       392.35736     0.0027901984
       392.37237     0.0028888439
       392.38739     0.0030077147
       392.40240     0.0031467101
       392.41742     0.0033055023
       392.43243     0.0034837333
       392.44745     0.0036808964
       392.46246     0.0038964080
       392.47748     0.0041294229
       392.49249     0.0043791295
       392.50751     0.0046445450
       392.52252     0.0049246374
       392.53754     0.0052181125
       392.55255     0.0055237293
       392.56757     0.0058401938
       392.58258     0.0061659078
       392.59760     0.0064993960
       392.61261     0.0068391459
       392.62763     0.0071833384
       392.64264     0.0075303551
       392.65766     0.0078784429
       392.67267     0.0082259004
       392.68769     0.0085707909
       392.70270     0.0089113855
       392.71772     0.0092458777
       392.73273     0.0095725755
       392.74775     0.0098895602
       392.76276      0.010195181
       392.77778      0.010487833
       392.79279      0.010765735
       392.80781      0.011027420
       392.82282      0.011271468
       392.83784      0.011496346
       392.85285      0.011700821
       392.86787      0.011883691
       392.88288      0.012043954
       392.89790      0.012180507
       392.91291      0.012292584
       392.92793      0.012379499
       392.94294      0.012440715
       392.95796      0.012475736
       392.97297      0.012484380
       392.98799      0.012466536
       393.00300      0.012422214
       393.01802      0.012351688
       393.03303      0.012255319
       393.04805      0.012133665
       393.06306      0.011987413
       393.07808      0.011817468
       393.09309      0.011624901
       393.10811      0.011410856
       393.12312      0.011176756
       393.13814      0.010924048
       393.15315      0.010654424
       393.16817      0.010369737
       393.18318      0.010071850
       393.19820     0.0097628684
       393.21321     0.0094449487
       393.22823     0.0091204164
       393.24324     0.0087915882
       393.25826     0.0084609634
       393.27327     0.0081310644
       393.28829     0.0078045174
       393.30330     0.0074838636
       393.31832     0.0071718440
       393.33333     0.0068711310
       393.34835     0.0065843271
       393.36336     0.0063141087
       393.37838     0.0060630978
       393.39339     0.0058337839
       393.40841     0.0056286780
       393.42342     0.0054501414
       393.43844     0.0053004732
       393.45345     0.0051817737
       393.46847     0.0050960866
       393.48348     0.0050452143
       393.49850     0.0050308556
       393.51351     0.0050544791
       393.52853     0.0051173472
       393.54354     0.0052205148
       393.55856     0.0053648119
       393.57357     0.0055508907
       393.58859     0.0057789948
       393.60360     0.0060492641
       393.61862     0.0063615909
       393.63363     0.0067154260
       393.64865     0.0071101261
       393.66366     0.0075447380
       393.67868     0.0080181270
       393.69369     0.0085286049
       393.70871     0.0090745593
       393.72372     0.0096540935
       393.73874      0.010264751
       393.75375      0.010904207
       393.76877      0.011569762
       393.78378      0.012258687
       393.79880      0.012967679
       393.81381      0.013693603
       393.82883      0.014433249
       393.84384      0.015182799
       393.85886      0.015958616
       393.87387      0.016751796
       393.88889      0.017544182
       393.90390      0.018331663
       393.91892      0.019109920
       393.93393      0.019874645
       393.94895      0.020621735
       393.96396      0.021346635
       393.97898      0.022045324
       393.99399      0.022713733
       394.00901      0.023347918
       394.02402      0.023944192
       394.03904      0.024498727
       394.05405      0.025008226
       394.06907      0.025469509
       394.08408      0.025879637
       394.09910      0.026236064
       394.11411      0.026536256
       394.12913      0.026778267
       394.14414      0.026960403
       394.15916      0.027081297
       394.17417      0.027140094
       394.18919      0.027136090
       394.20420      0.027069419
       394.21922      0.026940247
       394.23423      0.026748932
       394.24925      0.026496564
       394.26426      0.026184788
       394.27928      0.025815585
       394.29429      0.025391564
       394.30931      0.024915661
       394.32432      0.024391235
       394.33934      0.023822354
       394.35435      0.023213308
       394.36937      0.022568839
       394.38438      0.021894244
       394.39940      0.021195278
       394.41441      0.020477881
       394.42943      0.019748558
       394.44444      0.019014128
       394.45946      0.018281600
       394.47447      0.017558475
       394.48949      0.016852312
       394.50450      0.016170804
       394.51952      0.015522172
       394.53453      0.014914346
       394.54955      0.014355361
       394.56456      0.013853422
       394.57958      0.013416430
       394.59459      0.013052275
       394.60961      0.012768514
       394.62462      0.012572557
       394.63964      0.012471336
       394.65465      0.012471423
       394.66967      0.012578779
       394.68468      0.012798968
       394.69970      0.013136778
       394.71471      0.013596362
       394.72973      0.014181252
       394.74474      0.014893770
       394.75976      0.015735771
       394.77477      0.016708121
       394.78979      0.017810660
       394.80480      0.019042593
       394.81982      0.020401575
       394.83483      0.021884685
       394.84985      0.023488031
       394.86486      0.025206759
       394.87988      0.027035202
       394.89489      0.028966056
       394.90991      0.030992039
       394.92492      0.033104582
       394.93994      0.035294420
       394.95495      0.037552085
       394.96997      0.039866048
       394.98498      0.042225544
       395.00000      0.044618940
       395.01502      0.047033904
       395.03003      0.049458425
       395.04505      0.051878965
       395.06006      0.054282769
       395.07508      0.056656820
       395.09009      0.058988099
       395.10511      0.061307319
       395.12012      0.063639337
       395.13514      0.065883807
       395.15015      0.068025315
       395.16517      0.070050476
       395.18018      0.071945939
       395.19520      0.073699095
       395.21021      0.075297095
       395.22523      0.076729043
       395.24024      0.077984321
       395.25526      0.079053781
       395.27027      0.079928454
       395.28529      0.080601313
       395.30030      0.081066490
       395.31532      0.081319689
       395.33033      0.081357538
       395.34535      0.081179040
       395.36036      0.080784825
       395.37538      0.080177520
       395.39039      0.079361863
       395.40541      0.078345096
       395.42042      0.077137087
       395.43544      0.075749975
       395.45045      0.074199452
       395.46547      0.072504068
       395.48048      0.070685562
       395.49550      0.068769622
       395.51051      0.066785247
       395.52553      0.064765261
       395.54054      0.062746141
       395.55556      0.060768904
       395.57057      0.058877842
       395.58559      0.057120642
       395.60060      0.055548733
       395.61562      0.054216851
       395.63063      0.053181723
       395.64565      0.052502381
       395.66066      0.052238683
       395.67568      0.052450665
       395.69069      0.053197260
       395.70571      0.054535650
       395.72072      0.056520126
       395.73574      0.059198682
       395.75075      0.062614818
       395.76577      0.066804426
       395.78078      0.071795587
       395.79580      0.077604424
       395.81081      0.084239697
       395.82583      0.091697741
       395.84084      0.099966400
       395.85586       0.10901788
       395.87087       0.11881753
       395.88589       0.12932026
       395.90090       0.14047489
       395.91592       0.15221505
       395.93093       0.16447565
       395.94595       0.17718497
       395.96096       0.19027013
       395.97598       0.20365046
       395.99099       0.21725280
       396.00601       0.23100411
       396.02102       0.24482861
       396.03604       0.25866116
       396.05105       0.27243729
       396.06607       0.28610230
       396.08108       0.29959889
       396.09610       0.31288172
       396.11111       0.32596281
       396.12613       0.33938035
       396.14114       0.35244235
       396.15616       0.36512428
       396.17117       0.37740258
       396.18619       0.38926233
       396.20120       0.40069115
       396.21622       0.41168452
       396.23123       0.42223726
       396.24625       0.43235124
       396.26126       0.44203104
       396.27628       0.45128032
       396.29129       0.46010875
       396.30631       0.46852470
       396.32132       0.47653966
       396.33634       0.48416405
       396.35135       0.49141208
       396.36637       0.49829449
       396.38138       0.50482613
       396.39640       0.51101907
       396.41141       0.51688734
       396.42643       0.52244302
       396.44144       0.52770041
       396.45646       0.53267054
       396.47147       0.53736683
       396.48649       0.54180051
       396.50150       0.54610184
       396.51652       0.55018137
       396.53153       0.55401284
       396.54655       0.55760764
       396.56156       0.56097697
       396.57658       0.56413160
       396.59159       0.56708117
       396.60661       0.56983533
       396.62162       0.57240307
       396.63664       0.57479294
       396.65165       0.57701269
       396.66667       0.57907022
       396.68168       0.58097221
       396.69670       0.58272531
       396.71171       0.58433596
       396.72673       0.58581010
       396.74174       0.58715306
       396.75676       0.58837015
       396.77177       0.58946625
       396.78679       0.59044575
       396.80180       0.59131297
       396.81682       0.59207196
       396.83183       0.59272627
       396.84685       0.59327940
       396.86186       0.59373484
       396.87688       0.59409577
       396.89189       0.59433822
       396.90691       0.59448028
       396.92192       0.59453090
       396.93694       0.59449271
       396.95195       0.59436792
       396.96697       0.59415872
       396.98198       0.59386713
       396.99700       0.59349482
       397.01201       0.59304343
       397.02703       0.59251448
       397.04204       0.59190914
       397.05706       0.59122860
       397.07207       0.59047390
       397.08709       0.58964581
       397.10210       0.58874509
       397.11712       0.58777240
       397.13213       0.58665050
       397.14715       0.58543784
       397.16216       0.58415301
       397.17718       0.58279616
       397.19219       0.58136735
       397.20721       0.57986655
       397.22222       0.57829346
       397.23724       0.57664788
       397.25225       0.57492936
       397.26727       0.57300595
       397.28228       0.57087219
       397.29730       0.56866826
       397.31231       0.56639316
       397.32733       0.56404572
       397.34234       0.56162472
       397.35736       0.55912873
       397.37237       0.55655625
       397.38739       0.55386420
       397.40240       0.55104773
       397.41742       0.54814720
       397.43243       0.54516055
       397.44745       0.54208556
       397.46246       0.53891986
       397.47748       0.53566106
       397.49249       0.53230671
       397.50751       0.52885402
       397.52252       0.52464391
       397.53754       0.52021747
       397.55255       0.51570335
       397.56757       0.51109798
       397.58258       0.50639754
       397.59760       0.50159870
       397.61261       0.49669755
       397.62763       0.49169010
       397.64264       0.48646291
       397.65766       0.48061664
       397.67267       0.47467167
       397.68769       0.46862383
       397.70270       0.46246931
       397.71772       0.45620419
       397.73273       0.44982562
       397.74775       0.44333013
       397.76276       0.43671481
       397.77778       0.42962807
       397.79279       0.42211665
       397.80781       0.41451265
       397.82282       0.40681565
       397.83784       0.39902592
       397.85285       0.39114454
       397.86787       0.38317360
       397.88288       0.37511613
       397.89790       0.36697621
       397.91291       0.35875925
       397.92793       0.35047182
       397.94294       0.34212186
       397.95796       0.33371884
       397.97297       0.32527362
       397.98799       0.31679918
       398.00300       0.30830852
       398.01802       0.29981775
       398.03303       0.29084182
       398.04805       0.28191519
       398.06306       0.27313880
       398.07808       0.26453048
       398.09309       0.25610840
       398.10811       0.24789045
       398.12312       0.23989416
       398.13814       0.23213348
       398.15315       0.22463047
       398.16817       0.21739658
       398.18318       0.21044478
       398.19820       0.20378623
       398.21321       0.19743010
       398.22823       0.19138320
       398.24324       0.18565042
       398.25826       0.18023264
       398.27327       0.17516301
       398.28829       0.17050609
       398.30330       0.16612578
       398.31832       0.16201522
       398.33333       0.15816468
       398.34835       0.15456413
       398.36336       0.15120177
       398.37838       0.14806464
       398.39339       0.14513932
       398.40841       0.14242293
       398.42342       0.13989831
       398.43844       0.13754221
       398.45345       0.13534111
       398.46847       0.13328053
       398.48348       0.13134679
       398.49850       0.12952608
       398.51351       0.12780514
       398.52853       0.12617044
       398.54354       0.12461030
       398.55856       0.12311466
       398.57357       0.12167081
       398.58859       0.12026754
       398.60360       0.11890843
       398.61862       0.11761246
       398.63363       0.11632624
       398.64865       0.11503995
       398.66366       0.11374537
       398.67868       0.11243538
       398.69369       0.11110494
       398.70871       0.10975047
       398.72372       0.10836926
       398.73874       0.10696043
       398.75375       0.10552425
       398.76877       0.10406156
       398.78378       0.10257481
       398.79880       0.10106660
       398.81381      0.099266234
       398.82883      0.097471081
       398.84384      0.095711408
       398.85886      0.093991538
       398.87387      0.092315143
       398.88889      0.090684894
       398.90390      0.089103342
       398.91892      0.087630104
       398.93393      0.086235547
       398.94895      0.084877292
       398.96396      0.083556235
       398.97898      0.082273031
       398.99399      0.081027675
       399.00901      0.079820501
       399.02402      0.078651203
       399.03904      0.077519732
       399.05405      0.076425353
       399.06907      0.075367743
       399.08408      0.074345899
       399.09910      0.073359233
       399.11411      0.072406534
       399.12913      0.071487016
       399.14414      0.070599317
       399.15916      0.069742512
       399.17417      0.068915145
       399.18919      0.068116204
       399.20420      0.067344193
       399.21922      0.066598060
       399.23423      0.065876309
       399.24925      0.065177892
       399.26426      0.064501448
       399.27928      0.063845661
       399.29429      0.063209544
       399.30931      0.062587967
       399.32432      0.061981159
       399.33934      0.061390127
       399.35435      0.060814052
       399.36937      0.060251917
       399.38438      0.059702811
       399.39940      0.059166040
       399.41441      0.058640820
       399.42943      0.058126388
       399.44444      0.057584134
       399.45946      0.057049371
       399.47447      0.056523415
       399.48949      0.056005921
       399.50450      0.055496573
       399.51952      0.054995298
       399.53453      0.054501816
       399.54955      0.054015872
       399.56456      0.053543885
       399.57958      0.053093767
       399.59459      0.052650455
       399.60961      0.052213889
       399.62462      0.051783825
       399.63964      0.051360039
       399.65465      0.050942514
       399.66967      0.050531053
       399.68468      0.050138546
       399.69970      0.049779759
       399.71471      0.049425693
       399.72973      0.049076079
       399.74474      0.048730790
       399.75976      0.048389593
       399.77477      0.048052527
       399.78979      0.047719405
       399.80480      0.047390167
       399.81982      0.047064665
       399.83483      0.046742981
       399.84985      0.046425024
       399.86486      0.046110742
       399.87988      0.045800146
       399.89489      0.045493137
       399.90991      0.045189854
       399.92492      0.044890219
       399.93994      0.044594258
       399.95495      0.044286774
       399.96997      0.043959735
       399.98498      0.043647505
       400.00000      0.043349569
       400.01502      0.043065502
       400.03003      0.042794898
       400.04505      0.042537384
       400.06006      0.042292608
       400.07508      0.042008589
       400.09009      0.041630146
       400.10511      0.041255520
       400.12012      0.040884687
       400.13514      0.040517631
       400.15015      0.040154327
       400.16517      0.039794770
       400.18018      0.039438936
       400.19520      0.039086810
       400.21021      0.038757038
       400.22523      0.038439362
       400.24024      0.038124815
       400.25526      0.037813375
       400.27027      0.037504993
       400.28529      0.037199666
       400.30030      0.036897341
       400.31532      0.036598001
       400.33033      0.036301635
       400.34535      0.036008188
       400.36036      0.035717657
       400.37538      0.035429997
       400.39039      0.035145188
       400.40541      0.034863216
       400.42042      0.034584037
       400.43544      0.034307631
       400.45045      0.034033986
       400.46547      0.033770530
       400.48048      0.033523095
       400.49550      0.033278663
       400.51051      0.033037214
       400.52553      0.032798691
       400.54054      0.032563075
       400.55556      0.032330336
       400.57057      0.032100439
       400.58559      0.031873748
       400.60060      0.031649920
       400.61562      0.031428844
       400.63063      0.031210460
       400.64565      0.030994782
       400.66066      0.030781763
       400.67568      0.030571341
       400.69069      0.030363552
       400.70571      0.030158330
       400.72072      0.029955661
       400.73574      0.029755506
       400.75075      0.029557842
       400.76577      0.029362641
       400.78078      0.029169877
       400.79580      0.028979523
       400.81081      0.028791556
       400.82583      0.028605914
       400.84084      0.028422640
       400.85586      0.028241675
       400.87087      0.028062995
       400.88589      0.027886575
       400.90090      0.027712393
       400.91592      0.027540420
       400.93093      0.027370640
       400.94595      0.027203021
       400.96096      0.027037550
       400.97598      0.026874200
       400.99099      0.026712948
       401.00601      0.026553769
       401.02102      0.026396649
       401.03604      0.026241562
       401.05105      0.026088488
       401.06607      0.025937401
       401.08108      0.025788289
       401.09610      0.025641127
       401.11111      0.025492496
       401.12613      0.025303726
       401.14114      0.025117343
       401.15616      0.024933336
       401.17117      0.024751706
       401.18619      0.024572435
       401.20120      0.024395547
       401.21622      0.024220986
       401.23123      0.024048763
       401.24625      0.023866437
       401.26126      0.023668699
       401.27628      0.023472892
       401.29129      0.023279003
       401.30631      0.023087038
       401.32132      0.022896993
       401.33634      0.022708860
       401.35135      0.022522648
       401.36637      0.022338326
       401.38138      0.022116491
       401.39640      0.021883955
       401.41141      0.021653321
       401.42643      0.021424580
       401.44144      0.021197775
       401.45646      0.020972915
       401.47147      0.020749973
       401.48649      0.020528965
       401.50150      0.020306490
       401.51652      0.020054663
       401.53153      0.019804308
       401.54655      0.019555377
       401.56156      0.019307934
       401.57658      0.019061967
       401.59159      0.018817480
       401.60661      0.018574498
       401.62162      0.018332977
       401.63664      0.018080413
       401.65165      0.017813473
       401.66667      0.017548085
       401.68168      0.017284217
       401.69670      0.017021937
       401.71171      0.016761237
       401.72673      0.016502147
       401.74174      0.016244631
       401.75676      0.015988757
       401.77177      0.015727443
       401.78679      0.015465899
       401.80180      0.015206153
       401.81682      0.014948144
       401.83183      0.014691989
       401.84685      0.014437588
       401.86186      0.014185013
       401.87688      0.013933993
       401.89189      0.013685117
       401.90691      0.013438156
       401.92192      0.013193050
       401.93694      0.012949875
       401.95195      0.012708569
       401.96697      0.012469207
       401.98198      0.012231820
       401.99700      0.011996348
       402.01201      0.011762859
       402.02703      0.011474740
       402.04204      0.011130470
       402.05706      0.010796600
       402.07207      0.010473191
       402.08709      0.010160347
       402.10210     0.0098581259
       402.11712     0.0095666018
       402.13213     0.0092858944
       402.14715     0.0090160776
       402.16216     0.0089437252
       402.17718     0.0089184462
       402.19219     0.0088957300
       402.20721     0.0088754234
       402.22222     0.0088573953
       402.23724     0.0088414721
       402.25225     0.0088275068
       402.26727     0.0088153176
       402.28228     0.0088029104
       402.29730     0.0087812298
       402.31231     0.0087602038
       402.32733     0.0087397348
       402.34234     0.0087197760
       402.35736     0.0087002393
       402.37237     0.0086810947
       402.38739     0.0086622588
       402.40240     0.0086437170
       402.41742     0.0086305870
       402.43243     0.0086227996
       402.44745     0.0086149671
       402.46246     0.0086071343
       402.47748     0.0085992980
       402.49249     0.0085914895
       402.50751     0.0085837660
       402.52252     0.0085761441
       402.53754     0.0085687151
       402.55255     0.0085620972
       402.56757     0.0085586417
       402.58258     0.0085554059
       402.59760     0.0085524409
       402.61261     0.0085498326
       402.62763     0.0085476159
       402.64264     0.0085458703
       402.65766     0.0085446350
       402.67267     0.0085459820
       402.68769     0.0085573575
       402.70270     0.0085692991
       402.71772     0.0085818352
       402.73273     0.0085949861
       402.74775     0.0086087609
       402.76276     0.0086231334
       402.77778     0.0086381025
       402.79279     0.0086536436
       402.80781     0.0086697025
       402.82282     0.0086848138
       402.83784     0.0086999538
       402.85285     0.0087152994
       402.86787     0.0087308155
       402.88288     0.0087464309
       402.89790     0.0087620729
       402.91291     0.0087776977
       402.92793     0.0087932415
       402.94294     0.0088262206
       402.95796     0.0088615572
       402.97297     0.0088963881
       402.98799     0.0089306019
       403.00300     0.0089641907
       403.01802     0.0089970599
       403.03303     0.0090292359
       403.04805     0.0090606514
       403.06306     0.0090913283
       403.07808     0.0091212096
       403.09309     0.0091503411
       403.10811     0.0091787437
       403.12312     0.0092063977
       403.13814     0.0092335072
       403.15315     0.0092598121
       403.16817     0.0092854602
       403.18318     0.0093105390
       403.19820     0.0093351023
       403.21321     0.0093921313
       403.22823     0.0094528099
       403.24324     0.0095127757
       403.25826     0.0095721314
       403.27327     0.0096310252
       403.28829     0.0096895259
       403.30330     0.0097477483
       403.31832     0.0098057798
       403.33333     0.0098735167
       403.34835     0.0099769193
       403.36336      0.010082662
       403.37838      0.010190582
       403.39339      0.010300509
       403.40841      0.010412320
       403.42342      0.010525845
       403.43844      0.010640989
       403.45345      0.010757657
       403.46847      0.010795976
       403.48348      0.010773555
       403.49850      0.010751811
       403.51351      0.010730738
       403.52853      0.010710330
       403.54354      0.010690574
       403.55856      0.010671462
       403.57357      0.010652994
       403.58859      0.010635161
       403.60360      0.010641650
       403.61862      0.010651113
       403.63363      0.010661092
       403.64865      0.010671578
       403.66366      0.010682569
       403.67868      0.010694040
       403.69369      0.010705995
       403.70871      0.010718425
       403.72372      0.010726823
       403.73874      0.010722189
       403.75375      0.010718282
       403.76877      0.010715093
       403.78378      0.010712617
       403.79880      0.010710843
       403.81381      0.010709771
       403.82883      0.010709389
       403.84384      0.010709692
       403.85886      0.010710690
       403.87387      0.010712341
       403.88889      0.010714656
       403.90390      0.010717627
       403.91892      0.010721254
       403.93393      0.010725518
       403.94895      0.010730418
       403.96396      0.010735949
       403.97898      0.010742102
       403.99399      0.010748871
       404.00901      0.010756250
       404.02402      0.010764232
       404.03904      0.010772816
       404.05405      0.010782005
       404.06907      0.010791758
       404.08408      0.010802087
       404.09910      0.010812987
       404.11411      0.010817395
       404.12913      0.010803831
       404.14414      0.010791140
       404.15916      0.010779315
       404.17417      0.010768364
       404.18919      0.010758275
       404.20420      0.010749047
       404.21922      0.010740669
       404.23423      0.010733136
       404.24925      0.010726451
       404.26426      0.010689172
       404.27928      0.010650991
       404.29429      0.010613578
       404.30931      0.010576933
       404.32432      0.010541056
       404.33934      0.010505955
       404.35435      0.010471609
       404.36937      0.010438026
       404.38438      0.010405226
       404.39940      0.010373170
       404.41441      0.010341867
       404.42943      0.010311319
       404.44444      0.010281539
       404.45946      0.010252500
       404.47447      0.010224212
       404.48949      0.010196686
       404.50450      0.010169896
       404.51952      0.010130430
       404.53453      0.010083834
       404.54955      0.010037776
       404.56456     0.0099922638
       404.57958     0.0099472956
       404.59459     0.0099028670
       404.60961     0.0098589782
       404.62462     0.0098156334
       404.63964     0.0097728175
       404.65465     0.0097305406
       404.66967     0.0096888025
       404.68468     0.0096475936
       404.69970     0.0096069217
       404.71471     0.0095667735
       404.72973     0.0095271568
       404.74474     0.0094880732
       404.75976     0.0094495115
       404.77477     0.0094114789
       404.78979     0.0093663205
       404.80480     0.0093175137
       404.81982     0.0092690903
       404.83483     0.0092210818
       404.84985     0.0091734772
       404.86486     0.0091262660
       404.87988     0.0090794559
       404.89489     0.0090330366
       404.90991     0.0089870149
       404.92492     0.0089413698
       404.93994     0.0088961329
       404.95495     0.0088512817
       404.96997     0.0088068234
       404.98498     0.0087627482
       405.00000     0.0087190632
